日期,股票代码,开盘,收盘,最高,最低,成交量,成交额,振幅,涨跌幅,涨跌额,换手率
2020-09-03,605006,4.61,5.53,5.53,4.61,4225,2329475.0,23.96,44.01,1.69,0.42
2020-09-04,605006,6.08,6.08,6.08,6.08,1706,1037327.0,0.0,9.95,0.55,0.17
2020-09-07,605006,6.69,6.69,6.69,6.69,1794,1200092.0,0.0,10.03,0.61,0.18
2020-09-08,605006,7.36,7.36,7.36,7.36,1541,1134014.0,0.0,10.01,0.67,0.15
2020-09-09,605006,8.1,8.1,8.1,8.1,6131,4965940.0,0.0,10.05,0.74,0.61
2020-09-10,605006,8.91,8.91,8.91,8.91,8324,7416773.0,0.0,10.0,0.81,0.83
2020-09-11,605006,9.8,9.8,9.8,9.8,170590,167178249.0,0.0,9.99,0.89,17.06
2020-09-14,605006,10.0,10.78,10.78,9.8,702043,731271520.0,10.0,10.0,0.98,70.2
2020-09-15,605006,10.17,9.97,10.17,9.7,558701,549455632.0,4.36,-7.51,-0.81,55.87
2020-09-16,605006,9.75,10.5,10.86,9.31,539782,550776976.0,15.55,5.32,0.53,53.98
2020-09-17,605006,10.21,9.76,10.29,9.72,404078,402131200.0,5.43,-7.05,-0.74,40.41
2020-09-18,605006,9.75,10.18,10.35,9.62,398351,398984896.0,7.48,4.3,0.42,39.84
2020-09-21,605006,10.36,10.19,10.75,9.96,308814,315736976.0,7.76,0.1,0.01,30.88
2020-09-22,605006,10.5,11.21,11.21,10.2,633241,692869088.0,9.91,10.01,1.02,63.32
2020-09-23,605006,11.8,12.33,12.33,11.8,262868,319598688.0,4.73,9.99,1.12,26.29
2020-09-24,605006,11.5,11.1,11.8,11.1,601383,675490640.0,5.68,-9.98,-1.23,60.14
2020-09-25,605006,10.66,9.99,10.78,9.99,325868,330663344.0,7.12,-10.0,-1.11,32.59
2020-09-28,605006,9.78,9.2,9.92,9.12,275777,259882002.0,8.01,-7.91,-0.79,27.58
2020-09-29,605006,9.29,9.03,9.42,8.97,215619,198023293.0,4.89,-1.85,-0.17,21.56
2020-09-30,605006,9.04,8.71,9.05,8.58,189139,165655985.0,5.2,-3.54,-0.32,18.91
2020-10-09,605006,8.91,9.19,9.26,8.82,209009,189230113.0,5.05,5.51,0.48,20.9
2020-10-12,605006,9.25,9.36,9.44,9.12,219207,203523902.0,3.48,1.85,0.17,21.92
2020-10-13,605006,9.34,9.23,9.38,9.05,167054,153626596.0,3.53,-1.39,-0.13,16.71
2020-10-14,605006,9.18,9.48,9.48,9.09,237081,220991951.0,4.23,2.71,0.25,23.71
2020-10-15,605006,9.47,9.05,9.47,9.03,206171,188927427.0,4.64,-4.54,-0.43,20.62
2020-10-16,605006,9.0,8.89,9.08,8.85,102840,91936432.0,2.54,-1.77,-0.16,10.28
2020-10-19,605006,8.96,8.78,9.05,8.77,83304,74178142.0,3.15,-1.24,-0.11,8.33
2020-10-20,605006,8.76,8.88,8.88,8.58,101408,88385862.0,3.42,1.14,0.1,10.14
2020-10-21,605006,8.86,8.68,8.92,8.67,87773,76751595.0,2.82,-2.25,-0.2,8.78
2020-10-22,605006,8.63,8.63,8.67,8.46,82448,70546229.0,2.42,-0.58,-0.05,8.24
2020-10-23,605006,8.62,8.34,8.65,8.33,95826,81166974.0,3.71,-3.36,-0.29,9.58
2020-10-26,605006,8.25,8.14,8.26,8.01,81008,65933730.0,3.0,-2.4,-0.2,8.1
2020-10-27,605006,8.08,8.15,8.22,8.02,59500,48373388.0,2.46,0.12,0.01,5.95
2020-10-28,605006,8.13,8.07,8.16,7.96,64119,51629705.0,2.45,-0.98,-0.08,6.41
2020-10-29,605006,7.94,8.03,8.22,7.87,85707,68908280.0,4.34,-0.5,-0.04,8.57
2020-10-30,605006,8.01,7.56,8.04,7.54,109313,84895327.0,6.23,-5.85,-0.47,10.93
2020-11-02,605006,7.52,7.55,7.72,7.45,60869,46081011.0,3.57,-0.13,-0.01,6.09
2020-11-03,605006,7.59,8.0,8.13,7.57,122962,96762280.0,7.42,5.96,0.45,12.3
2020-11-04,605006,8.03,8.07,8.27,7.93,108916,88115912.0,4.25,0.88,0.07,10.89
2020-11-05,605006,8.04,8.14,8.18,7.99,106222,85996645.0,2.35,0.87,0.07,10.62
2020-11-06,605006,8.14,8.26,8.38,7.98,130717,106817546.0,4.91,1.47,0.12,13.07
2020-11-09,605006,8.29,8.69,8.83,8.22,204254,175044715.0,7.38,5.21,0.43,20.43
2020-11-10,605006,8.65,9.15,9.49,8.58,303037,271375296.0,10.47,5.29,0.46,30.3
2020-11-11,605006,8.92,10.07,10.07,8.87,531106,519070320.0,13.11,10.05,0.92,53.11
2020-11-12,605006,10.06,10.32,10.77,9.31,509290,503083344.0,14.5,2.48,0.25,50.93
2020-11-13,605006,9.78,9.76,10.3,9.6,304742,300988928.0,6.78,-5.43,-0.56,30.47
2020-11-16,605006,9.92,10.16,10.5,9.71,340320,346758336.0,8.09,4.1,0.4,34.03
2020-11-17,605006,10.15,10.26,10.7,9.94,347123,358017488.0,7.48,0.98,0.1,34.71
2020-11-18,605006,10.04,11.29,11.29,9.86,482697,519542880.0,13.94,10.04,1.03,48.27
2020-11-19,605006,11.22,10.32,11.62,10.16,476136,509508816.0,12.93,-8.59,-0.97,47.61
2020-11-20,605006,10.09,9.93,10.1,9.6,284750,280378096.0,4.84,-3.78,-0.39,28.48
2020-11-23,605006,9.82,9.82,10.09,9.68,219069,216978922.0,4.13,-1.11,-0.11,21.91
2020-11-24,605006,9.71,9.6,9.91,9.36,211535,203089897.0,5.6,-2.24,-0.22,21.15
2020-11-25,605006,9.58,9.65,9.75,9.49,147524,141985122.0,2.71,0.52,0.05,14.75
2020-11-26,605006,9.55,9.5,9.58,9.3,118303,111627632.0,2.9,-1.55,-0.15,11.83
2020-11-27,605006,9.43,9.26,9.48,9.05,124997,115484132.0,4.53,-2.53,-0.24,12.5
2020-11-30,605006,9.23,9.34,9.5,9.13,112371,105338298.0,4.0,0.86,0.08,11.24
2020-12-01,605006,9.34,9.62,9.73,9.32,169460,162729729.0,4.39,3.0,0.28,16.95
2020-12-02,605006,9.66,9.5,9.85,9.48,166552,161022081.0,3.85,-1.25,-0.12,16.66
2020-12-03,605006,9.47,9.51,9.61,9.13,152122,142660030.0,5.05,0.11,0.01,15.21
2020-12-04,605006,9.49,9.19,9.49,9.17,112799,104088270.0,3.36,-3.36,-0.32,11.28
2020-12-07,605006,9.18,8.89,9.19,8.89,94372,84879544.0,3.26,-3.26,-0.3,9.44
2020-12-08,605006,8.89,9.05,9.16,8.79,85895,77365794.0,4.16,1.8,0.16,8.59
2020-12-09,605006,8.99,9.03,9.18,8.89,92109,83254084.0,3.2,-0.22,-0.02,9.21
2020-12-10,605006,9.0,9.11,9.28,8.95,73480,66921207.0,3.65,0.89,0.08,7.35
2020-12-11,605006,9.05,8.49,9.1,8.3,122430,106165872.0,8.78,-6.81,-0.62,12.24
2020-12-14,605006,8.5,9.04,9.25,8.29,152630,135183712.0,11.31,6.48,0.55,15.26
2020-12-15,605006,8.98,8.98,9.18,8.88,73408,65944001.0,3.32,-0.66,-0.06,7.34
2020-12-16,605006,8.91,8.63,8.97,8.6,73008,63618594.0,4.12,-3.9,-0.35,7.3
2020-12-17,605006,8.63,8.87,8.96,8.45,88301,77333837.0,5.91,2.78,0.24,8.83
2020-12-18,605006,8.85,8.94,9.08,8.8,73240,65561965.0,3.16,0.79,0.07,7.32
2020-12-21,605006,8.93,8.91,9.04,8.8,72311,64534643.0,2.68,-0.34,-0.03,7.23
2020-12-22,605006,8.82,8.46,8.82,8.41,95301,81996569.0,4.6,-5.05,-0.45,9.53
2020-12-23,605006,8.46,8.36,8.53,8.31,57105,47991750.0,2.6,-1.18,-0.1,5.71
2020-12-24,605006,8.36,8.1,8.37,8.1,69963,57250109.0,3.23,-3.11,-0.26,7.0
2020-12-25,605006,8.18,8.49,8.67,8.06,87860,73568201.0,7.53,4.81,0.39,8.79
2020-12-28,605006,8.46,8.14,8.51,8.1,76102,62755944.0,4.83,-4.12,-0.35,7.61
2020-12-29,605006,8.09,8.12,8.24,8.05,47155,38366796.0,2.33,-0.25,-0.02,4.72
2020-12-30,605006,8.1,8.13,8.18,8.06,43468,35377414.0,1.48,0.12,0.01,4.35
2020-12-31,605006,8.15,8.26,8.48,8.12,68322,56788978.0,4.43,1.6,0.13,6.83
2021-01-04,605006,8.26,8.45,8.56,8.12,80798,67446862.0,5.33,2.3,0.19,8.08
2021-01-05,605006,8.35,8.3,8.37,8.21,59072,48966533.0,1.89,-1.78,-0.15,5.91
2021-01-06,605006,8.28,8.15,8.35,8.07,67991,55362464.0,3.37,-1.81,-0.15,6.8
2021-01-07,605006,8.19,8.28,8.46,8.07,92833,76936070.0,4.79,1.6,0.13,9.28
2021-01-08,605006,8.17,7.89,8.28,7.77,82193,64958431.0,6.16,-4.71,-0.39,8.22
2021-01-11,605006,7.88,7.55,7.89,7.55,62898,48223710.0,4.31,-4.31,-0.34,6.29
2021-01-12,605006,7.55,7.65,7.76,7.53,32553,24867968.0,3.05,1.32,0.1,3.26
2021-01-13,605006,7.89,7.76,7.89,7.66,42697,33063732.0,3.01,1.44,0.11,4.27
2021-01-14,605006,7.59,7.65,7.75,7.52,35354,26997442.0,2.96,-1.42,-0.11,3.54
2021-01-15,605006,7.6,7.84,7.89,7.59,45234,35318366.0,3.92,2.48,0.19,4.52
2021-01-18,605006,7.81,8.48,8.62,7.81,123909,103783127.0,10.33,8.16,0.64,12.39
2021-01-19,605006,8.43,8.53,8.85,8.3,117181,100701663.0,6.49,0.59,0.05,11.72
2021-01-20,605006,8.68,8.56,8.75,8.38,85258,72806054.0,4.34,0.35,0.03,8.53
2021-01-21,605006,8.48,8.41,8.58,8.37,69462,58686555.0,2.45,-1.75,-0.15,6.95
2021-01-22,605006,8.31,8.31,8.43,8.18,48586,40284353.0,2.97,-1.19,-0.1,4.86
2021-01-25,605006,8.3,7.98,8.3,7.97,63645,51248188.0,3.97,-3.97,-0.33,6.36
2021-01-26,605006,7.9,8.01,8.09,7.82,40297,32213529.0,3.38,0.38,0.03,4.03
2021-01-27,605006,7.99,7.93,8.13,7.84,41946,33456324.0,3.62,-1.0,-0.08,4.19
2021-01-28,605006,7.82,8.72,8.72,7.81,107278,91745772.0,11.48,9.96,0.79,10.73
2021-01-29,605006,9.15,8.83,9.5,8.38,264542,237487042.0,12.84,1.26,0.11,26.45
2021-02-01,605006,8.62,8.82,8.85,8.4,149012,129235466.0,5.1,-0.11,-0.01,14.9
2021-02-02,605006,8.85,8.32,8.87,8.29,131832,111961836.0,6.58,-5.67,-0.5,13.18
2021-02-03,605006,8.3,9.15,9.15,8.3,293132,265903566.0,10.22,9.98,0.83,29.31
2021-02-04,605006,9.26,9.8,9.98,9.07,437752,419133616.0,9.95,7.1,0.65,43.78
2021-02-05,605006,9.26,9.35,9.81,9.21,280067,265255917.0,6.12,-4.59,-0.45,28.01
2021-02-08,605006,9.17,9.93,10.18,9.13,289517,284259504.0,11.23,6.2,0.58,28.95
2021-02-09,605006,9.83,9.87,9.96,9.55,201447,196794520.0,4.13,-0.6,-0.06,20.14
2021-02-10,605006,10.0,10.86,10.86,10.0,355782,377051280.0,8.71,10.03,0.99,35.58
2021-02-18,605006,11.3,11.95,11.95,11.25,212528,250917099.0,6.45,10.04,1.09,21.25
2021-02-19,605006,12.25,13.15,13.15,12.2,224347,288340736.0,7.95,10.04,1.2,22.43
2021-02-22,605006,13.5,12.96,14.38,12.5,478174,636372704.0,14.3,-1.44,-0.19,47.82
2021-02-23,605006,12.95,13.0,13.46,11.95,409870,519157008.0,11.65,0.31,0.04,40.99
2021-02-24,605006,12.4,11.7,12.58,11.7,277517,331749680.0,6.77,-10.0,-1.3,27.75
2021-02-25,605006,11.5,11.67,12.25,11.5,279055,331780160.0,6.41,-0.26,-0.03,27.91
2021-02-26,605006,11.1,11.31,12.1,11.03,217410,250209664.0,9.17,-3.08,-0.36,21.74
2021-03-01,605006,11.52,12.44,12.44,11.04,331561,388548384.0,12.38,9.99,1.13,33.16
2021-03-02,605006,12.21,12.33,13.26,12.18,402772,509741616.0,8.68,-0.88,-0.11,40.28
2021-03-03,605006,12.02,12.48,12.49,11.28,293485,351668880.0,9.81,1.22,0.15,29.35
2021-03-04,605006,12.17,11.59,12.28,11.38,237362,279359184.0,7.21,-7.13,-0.89,23.74
2021-03-05,605006,11.2,10.43,11.43,10.43,298578,317618384.0,8.63,-10.01,-1.16,29.86
2021-03-08,605006,10.42,10.15,10.7,10.09,183746,191615597.0,5.85,-2.68,-0.28,18.37
2021-03-09,605006,10.1,10.33,10.41,9.39,170174,171220161.0,10.05,1.77,0.18,17.02
2021-03-10,605006,10.41,10.81,11.14,9.82,214884,223500669.0,12.78,4.65,0.48,21.49
2021-03-11,605006,10.5,10.88,11.45,10.46,250123,275716528.0,9.16,0.65,0.07,25.01
2021-03-12,605006,10.8,11.08,11.24,10.65,186321,205586010.0,5.42,1.84,0.2,18.63
2021-03-15,605006,11.0,11.2,11.45,10.86,179404,199964109.0,5.32,1.08,0.12,17.94
2021-03-16,605006,11.03,10.74,11.17,10.66,147079,159090450.0,4.55,-4.11,-0.46,14.71
2021-03-17,605006,10.59,10.86,10.95,10.23,129582,138496735.0,6.7,1.12,0.12,12.96
2021-03-18,605006,10.88,11.95,11.95,10.77,178736,206786912.0,10.87,10.04,1.09,17.87
2021-03-19,605006,12.27,12.02,12.45,11.66,395622,481749904.0,6.61,0.59,0.07,39.56
2021-03-22,605006,11.83,12.15,12.6,11.83,252075,305492432.0,6.41,1.08,0.13,25.21
2021-03-23,605006,12.01,11.39,12.1,11.23,248478,288096288.0,7.16,-6.26,-0.76,24.85
2021-03-24,605006,11.17,10.38,11.38,10.35,190668,205001192.0,9.04,-8.87,-1.01,19.07
2021-03-25,605006,10.36,10.48,11.25,10.36,188771,202077181.0,8.57,0.96,0.1,18.88
2021-03-26,605006,10.65,11.06,11.25,10.65,224724,246126836.0,5.73,5.53,0.58,22.47
2021-03-29,605006,10.91,11.5,11.9,10.91,244824,281337888.0,8.95,3.98,0.44,24.48
2021-03-30,605006,11.6,11.31,11.63,11.0,166077,186897213.0,5.48,-1.65,-0.19,16.61
2021-03-31,605006,11.46,11.05,11.5,10.71,132275,145972855.0,6.98,-2.3,-0.26,13.23
2021-04-01,605006,11.09,10.94,11.15,10.8,106666,116542210.0,3.17,-1.0,-0.11,10.67
2021-04-02,605006,10.91,11.06,11.09,10.71,134029,146118069.0,3.47,1.1,0.12,13.4
2021-04-06,605006,10.99,11.8,11.88,10.95,271599,313795840.0,8.41,6.69,0.74,27.16
2021-04-07,605006,12.45,12.98,12.98,12.05,268329,337758976.0,7.88,10.0,1.18,26.83
2021-04-08,605006,13.3,13.01,13.97,12.8,452558,604376272.0,9.01,0.23,0.03,45.26
2021-04-09,605006,12.55,12.55,13.19,12.4,252388,320628736.0,6.07,-3.54,-0.46,25.24
2021-04-12,605006,12.39,12.36,13.0,12.28,206417,259983123.0,5.74,-1.51,-0.19,20.64
2021-04-13,605006,12.32,12.45,12.74,12.11,171940,213679996.0,5.1,0.73,0.09,17.19
2021-04-14,605006,12.46,13.07,13.3,12.0,265258,339295872.0,10.44,4.98,0.62,26.53
2021-04-15,605006,12.9,12.1,12.9,11.88,231964,283517072.0,7.8,-7.42,-0.97,23.2
2021-04-16,605006,11.93,13.31,13.31,11.93,256537,334497600.0,11.4,10.0,1.21,25.65
2021-04-19,605006,13.62,13.78,14.11,13.33,384811,530025408.0,5.86,3.53,0.47,38.48
2021-04-20,605006,13.65,13.85,14.93,13.65,298217,420965216.0,9.29,0.51,0.07,29.82
2021-04-21,605006,13.62,13.68,14.13,13.5,176976,242308755.0,4.55,-1.23,-0.17,17.7
2021-04-22,605006,13.67,13.7,14.25,13.47,251036,346732576.0,5.7,0.15,0.02,25.1
2021-04-23,605006,13.56,13.77,13.86,13.15,174728,236750156.0,5.18,0.51,0.07,17.47
2021-04-26,605006,13.81,14.51,14.51,13.49,306363,433991200.0,7.41,5.37,0.74,30.64
2021-04-27,605006,14.45,13.18,14.45,13.06,272338,366865616.0,9.58,-9.17,-1.33,27.23
2021-04-28,605006,12.94,13.44,13.69,12.94,140741,188412637.0,5.69,1.97,0.26,14.07
2021-04-29,605006,13.29,13.07,13.58,12.86,142353,187878584.0,5.36,-2.75,-0.37,14.24
2021-04-30,605006,12.98,13.67,13.98,12.69,192671,255269308.0,9.87,4.59,0.6,19.27
2021-05-06,605006,13.77,14.1,14.22,13.5,192646,267934917.0,5.27,3.15,0.43,19.26
2021-05-07,605006,14.15,14.2,14.43,13.81,186514,262935555.0,4.4,0.71,0.1,18.65
2021-05-10,605006,14.24,13.98,15.25,13.82,297236,431792160.0,10.07,-1.55,-0.22,29.72
2021-05-11,605006,13.7,13.88,14.42,13.2,219059,301279568.0,8.73,-0.72,-0.1,21.91
2021-05-12,605006,13.37,13.5,13.61,13.0,181618,241082522.0,4.39,-2.74,-0.38,18.16
2021-05-13,605006,13.2,13.23,13.46,13.05,107137,141764871.0,3.04,-2.0,-0.27,10.71
2021-05-14,605006,13.26,13.36,13.51,13.11,104684,139637971.0,3.02,0.98,0.13,10.47
2021-05-17,605006,13.39,13.22,13.5,13.11,85184,112880616.0,2.92,-1.05,-0.14,8.52
2021-05-18,605006,13.17,12.76,13.21,12.43,132544,168347112.0,5.9,-3.48,-0.46,13.25
2021-05-19,605006,12.7,13.46,13.7,12.56,157201,207769896.0,8.93,5.49,0.7,15.72
2021-05-20,605006,13.3,13.01,13.34,12.81,100637,131130977.0,3.94,-3.34,-0.45,10.06
2021-05-21,605006,13.0,13.02,13.24,12.86,57984,75640613.0,2.92,0.08,0.01,5.8
2021-05-24,605006,12.96,12.65,12.96,12.58,76756,97488219.0,2.92,-2.84,-0.37,7.68
2021-05-25,605006,12.55,12.86,13.1,12.53,88984,114336778.0,4.51,1.66,0.21,8.9
2021-05-26,605006,12.85,12.88,13.05,12.73,55448,71422710.0,2.49,0.16,0.02,5.54
2021-05-27,605006,12.82,13.37,13.52,12.62,141555,187030051.0,6.99,3.8,0.49,14.16
2021-05-28,605006,13.46,13.11,13.58,13.04,86228,113943153.0,4.04,-1.94,-0.26,8.62
2021-05-31,605006,13.2,13.28,13.36,12.81,90106,118632173.0,4.2,1.3,0.17,9.01
2021-06-01,605006,13.33,13.03,13.48,12.86,119319,156013299.0,4.67,-1.88,-0.25,11.93
2021-06-02,605006,13.0,12.77,13.09,12.74,86104,110894535.0,2.69,-2.0,-0.26,8.61
2021-06-03,605006,12.71,12.71,12.94,12.62,58003,74093641.0,2.51,-0.47,-0.06,5.8
2021-06-04,605006,12.64,12.71,12.81,12.52,55049,69788529.0,2.28,0.0,0.0,5.5
2021-06-07,605006,12.73,12.32,12.78,12.27,83439,104027852.0,4.01,-3.07,-0.39,8.34
2021-06-08,605006,12.32,12.07,12.44,12.06,68451,83351333.0,3.08,-2.03,-0.25,6.85
2021-06-09,605006,12.08,12.27,12.36,11.91,53805,65478141.0,3.73,1.66,0.2,5.38
2021-06-10,605006,12.35,12.16,12.39,12.11,50600,61901631.0,2.28,-0.9,-0.11,5.06
2021-06-11,605006,12.1,12.09,12.22,12.02,42077,50889696.0,1.64,-0.58,-0.07,4.21
2021-06-15,605006,12.08,12.15,12.29,12.04,38291,46593910.0,2.07,0.5,0.06,3.83
2021-06-16,605006,12.15,11.38,12.2,11.25,80750,93827814.0,7.82,-6.34,-0.77,8.08
2021-06-17,605006,11.29,11.33,11.47,11.17,46439,52561677.0,2.64,-0.44,-0.05,4.64
2021-06-18,605006,11.33,11.77,12.14,11.26,80384,94416516.0,7.77,3.88,0.44,8.04
2021-06-21,605006,11.75,11.86,11.94,11.56,46708,55189698.0,3.23,0.76,0.09,4.67
2021-06-22,605006,11.81,12.25,12.33,11.81,76743,93535639.0,4.38,3.29,0.39,7.67
2021-06-23,605006,12.3,12.14,12.32,12.05,45577,55323481.0,2.2,-0.9,-0.11,4.56
2021-06-24,605006,12.13,12.16,12.35,11.92,54511,66492535.0,3.54,0.16,0.02,5.45
2021-06-25,605006,12.27,12.2,12.3,11.96,49044,59317040.0,2.8,0.33,0.04,4.9
2021-06-28,605006,12.22,12.11,12.28,12.07,37559,45718803.0,1.72,-0.74,-0.09,3.76
2021-06-29,605006,12.08,12.14,12.26,12.0,36008,43690997.0,2.15,0.25,0.03,3.6
2021-06-30,605006,12.36,12.2,12.41,12.11,52403,64196456.0,2.47,0.49,0.06,5.24
2021-07-01,605006,12.2,11.65,12.28,11.63,63966,75658639.0,5.33,-4.51,-0.55,6.4
2021-07-02,605006,11.65,11.84,11.87,11.59,34575,40659995.0,2.4,1.63,0.19,3.46
2021-07-05,605006,11.86,12.52,12.55,11.72,104096,127053978.0,7.01,5.74,0.68,10.41
2021-07-06,605006,12.38,12.68,12.75,12.36,123803,155908714.0,3.12,1.28,0.16,12.38
2021-07-07,605006,13.24,13.47,13.72,12.97,263470,351418144.0,5.91,6.23,0.79,26.35
2021-07-08,605006,13.16,14.04,14.82,13.06,319313,443487968.0,13.07,4.23,0.57,31.93
2021-07-09,605006,13.7,13.68,13.85,13.24,184157,248879945.0,4.34,-2.56,-0.36,18.42
2021-07-12,605006,13.61,13.72,13.9,13.5,125577,172081498.0,2.92,0.29,0.04,12.56
2021-07-13,605006,13.73,14.5,14.5,13.4,194216,273038768.0,8.02,5.69,0.78,19.42
2021-07-14,605006,14.46,14.19,14.49,14.05,122051,174072340.0,3.03,-2.14,-0.31,12.21
2021-07-15,605006,14.01,14.39,14.48,13.69,117485,165442658.0,5.57,1.41,0.2,11.75
2021-07-16,605006,14.23,14.92,15.35,13.96,177638,261404156.0,9.66,3.68,0.53,17.76
2021-07-19,605006,14.8,15.11,15.65,14.66,150215,228644808.0,6.64,1.27,0.19,15.02
2021-07-20,605006,14.8,14.3,14.88,13.82,163171,233284441.0,7.02,-5.36,-0.81,16.32
2021-07-21,605006,14.2,14.18,14.4,13.92,108525,153902964.0,3.36,-0.84,-0.12,10.85
2021-07-22,605006,14.05,14.2,14.47,13.88,95081,134806265.0,4.16,0.14,0.02,9.51
2021-07-23,605006,14.04,14.38,15.1,13.98,156432,228816256.0,7.89,1.27,0.18,15.64
2021-07-26,605006,14.37,14.86,15.12,13.9,199180,290652976.0,8.48,3.34,0.48,19.92
2021-07-27,605006,14.96,14.74,15.47,14.7,244783,369759984.0,5.18,-0.81,-0.12,24.48
2021-07-28,605006,14.38,13.27,14.43,13.27,189442,256017431.0,7.87,-9.97,-1.47,18.94
2021-07-29,605006,13.24,14.06,14.3,13.22,160941,224612400.0,8.14,5.95,0.79,16.09
2021-07-30,605006,14.1,14.64,14.71,13.72,141571,202562949.0,7.04,4.13,0.58,14.16
2021-08-02,605006,14.7,16.1,16.1,14.38,261629,408071936.0,11.75,9.97,1.46,26.16
2021-08-03,605006,16.1,15.87,16.68,15.74,246306,397630096.0,5.84,-1.43,-0.23,24.63
2021-08-04,605006,15.91,15.89,16.15,15.56,142729,224792085.0,3.72,0.13,0.02,14.27
2021-08-05,605006,15.81,15.31,16.35,15.16,195386,305733776.0,7.49,-3.65,-0.58,19.54
2021-08-06,605006,15.31,15.39,15.53,15.11,97284,149571837.0,2.74,0.52,0.08,9.73
2021-08-09,605006,15.37,14.94,15.42,14.56,113790,168841278.0,5.59,-2.92,-0.45,11.38
2021-08-10,605006,14.88,14.96,15.15,14.57,98318,146616186.0,3.88,0.13,0.02,9.83
2021-08-11,605006,14.93,15.51,15.65,14.76,133074,204547410.0,5.95,3.68,0.55,13.31
2021-08-12,605006,15.36,15.18,15.41,14.93,92647,140748286.0,3.09,-2.13,-0.33,9.26
2021-08-13,605006,15.08,15.7,15.83,14.9,121422,187662292.0,6.13,3.43,0.52,12.14
2021-08-16,605006,15.62,14.71,15.98,14.59,150395,226502512.0,8.85,-6.31,-0.99,15.04
2021-08-17,605006,14.65,14.09,14.97,14.05,100496,145356546.0,6.25,-4.21,-0.62,10.05
2021-08-18,605006,14.0,14.44,14.8,13.98,78244,113091959.0,5.82,2.48,0.35,7.82
2021-08-19,605006,14.39,14.58,14.69,14.21,58895,85130883.0,3.32,0.97,0.14,5.89
2021-08-20,605006,14.41,14.65,14.76,14.04,58163,84194473.0,4.94,0.48,0.07,5.82
2021-08-23,605006,14.65,15.29,15.29,14.53,97698,147409894.0,5.19,4.37,0.64,9.77
2021-08-24,605006,15.29,15.63,15.65,14.93,116077,178888529.0,4.71,2.22,0.34,11.61
2021-08-25,605006,15.6,15.6,15.73,15.21,88716,137316065.0,3.33,-0.19,-0.03,8.87
2021-08-26,605006,15.6,15.35,16.15,15.25,133338,208282985.0,5.77,-1.6,-0.25,13.33
2021-08-27,605006,15.21,16.03,16.3,15.15,177010,281713728.0,7.49,4.43,0.68,17.7
2021-08-30,605006,16.01,15.66,16.26,15.4,136386,214495499.0,5.36,-2.31,-0.37,13.64
2021-08-31,605006,15.69,15.5,15.71,15.12,83432,128378509.0,3.77,-1.02,-0.16,8.34
2021-09-01,605006,15.23,14.78,15.87,14.58,129223,195334733.0,8.32,-4.65,-0.72,12.92
2021-09-02,605006,14.67,16.06,16.07,14.4,192404,299185056.0,11.3,8.66,1.28,19.24
2021-09-03,605006,15.98,16.79,17.65,15.72,217469,366564272.0,12.02,4.55,0.73,21.75
2021-09-06,605006,16.8,16.39,17.4,15.89,142576,234482030.0,8.99,-2.38,-0.4,14.26
2021-09-07,605006,16.57,18.03,18.03,16.51,186816,326328960.0,9.27,10.01,1.64,18.68
2021-09-08,605006,18.7,17.71,18.7,17.18,264612,468172304.0,8.43,-1.77,-0.32,26.46
2021-09-09,605006,17.71,17.4,17.92,17.05,191658,334068000.0,4.91,-1.75,-0.31,8.11
2021-09-10,605006,16.8,17.0,17.5,16.68,145389,247327729.0,4.71,-2.3,-0.4,6.15
2021-09-13,605006,16.71,17.22,17.34,16.58,107711,182520393.0,4.47,1.29,0.22,4.56
2021-09-14,605006,17.25,16.38,17.25,16.32,113749,189744502.0,5.4,-4.88,-0.84,4.81
2021-09-15,605006,16.44,17.23,17.48,16.42,140225,238714021.0,6.47,5.19,0.85,5.93
2021-09-16,605006,17.25,16.85,17.85,16.6,124097,212122673.0,7.25,-2.21,-0.38,5.25
2021-09-17,605006,16.71,17.84,17.95,16.69,195902,343761808.0,7.48,5.88,0.99,8.29
2021-09-22,605006,17.6,18.46,18.55,17.28,191755,346274768.0,7.12,3.48,0.62,8.11
2021-09-23,605006,18.4,17.05,18.42,16.86,201398,351034640.0,8.45,-7.64,-1.41,8.52
2021-09-24,605006,16.82,15.49,17.02,15.35,209864,333368736.0,9.79,-9.15,-1.56,8.88
2021-09-27,605006,15.35,14.61,15.35,14.22,124054,182527781.0,7.3,-5.68,-0.88,5.25
2021-09-28,605006,14.7,14.44,14.94,14.22,88707,129102555.0,4.93,-1.16,-0.17,3.75
2021-09-29,605006,14.24,14.29,14.84,13.96,93166,134393278.0,6.09,-1.04,-0.15,3.94
2021-09-30,605006,14.42,14.23,14.58,13.88,77005,109046428.0,4.9,-0.42,-0.06,3.26
2021-10-08,605006,14.34,14.65,14.79,14.08,79891,115110381.0,4.99,2.95,0.42,3.38
2021-10-11,605006,14.48,14.75,15.08,14.12,107633,157984642.0,6.55,0.68,0.1,4.55
2021-10-12,605006,14.54,13.47,14.59,13.28,157059,215055556.0,8.88,-8.68,-1.28,6.65
2021-10-13,605006,13.25,13.47,13.62,13.08,57439,76798184.0,4.01,0.0,0.0,2.43
2021-10-14,605006,13.47,13.66,13.93,13.19,72894,99244303.0,5.49,1.41,0.19,3.08
2021-10-15,605006,13.66,13.59,14.0,13.44,59389,81146913.0,4.1,-0.51,-0.07,2.51
2021-10-18,605006,13.57,13.68,13.75,13.46,51721,70305110.0,2.13,0.66,0.09,2.19
2021-10-19,605006,13.6,13.77,13.84,13.6,61641,84606066.0,1.75,0.66,0.09,2.61
2021-10-20,605006,13.7,13.64,13.85,13.5,61772,84267161.0,2.54,-0.94,-0.13,2.61
2021-10-21,605006,13.56,13.66,13.76,13.5,59023,80521527.0,1.91,0.15,0.02,2.5
2021-10-22,605006,13.7,14.0,14.32,13.54,115755,162031442.0,5.71,2.49,0.34,4.9
2021-10-25,605006,14.07,14.08,14.17,13.8,73652,102873749.0,2.64,0.57,0.08,3.12
2021-10-26,605006,14.03,14.45,14.55,14.03,97188,139127165.0,3.69,2.63,0.37,4.11
2021-10-27,605006,14.37,14.28,14.39,14.04,67768,96211854.0,2.42,-1.18,-0.17,2.87
2021-10-28,605006,14.2,13.84,14.28,13.33,85411,117707799.0,6.65,-3.08,-0.44,3.61
2021-10-29,605006,13.86,13.73,14.05,13.63,53043,72922225.0,3.03,-0.79,-0.11,2.24
2021-11-01,605006,13.75,14.1,14.28,13.4,90104,124803714.0,6.41,2.69,0.37,3.81
2021-11-02,605006,14.05,13.57,14.09,13.5,77333,106141208.0,4.18,-3.76,-0.53,3.27
2021-11-03,605006,13.52,13.3,13.57,13.22,43923,58558629.0,2.58,-1.99,-0.27,1.86
2021-11-04,605006,13.61,14.15,14.21,13.58,115245,161008040.0,4.74,6.39,0.85,4.88
2021-11-05,605006,14.34,13.92,14.39,13.85,94143,131942338.0,3.82,-1.63,-0.23,3.98
2021-11-08,605006,13.6,13.73,13.79,13.37,48345,65869479.0,3.02,-1.36,-0.19,2.05
2021-11-09,605006,13.72,13.86,13.95,13.63,45922,63477529.0,2.33,0.95,0.13,1.94
2021-11-10,605006,13.8,13.82,13.84,13.55,36196,49614940.0,2.09,-0.29,-0.04,1.53
2021-11-11,605006,13.78,14.02,14.09,13.7,55120,77038618.0,2.82,1.45,0.2,2.33
2021-11-12,605006,13.99,14.2,14.22,13.89,56831,80287731.0,2.35,1.28,0.18,2.41
2021-11-15,605006,14.2,14.19,14.24,13.95,47247,66710790.0,2.04,-0.07,-0.01,2.0
2021-11-16,605006,14.19,13.72,14.25,13.71,60827,84796826.0,3.81,-3.31,-0.47,2.57
2021-11-17,605006,13.72,14.24,14.29,13.65,73276,102966604.0,4.66,3.79,0.52,3.1
2021-11-18,605006,14.16,14.8,14.9,14.1,123716,181589301.0,5.62,3.93,0.56,5.24
2021-11-19,605006,14.79,14.72,14.86,14.46,72235,106127408.0,2.7,-0.54,-0.08,3.06
2021-11-22,605006,14.78,15.66,16.0,14.57,146387,222288398.0,9.71,6.39,0.94,6.19
2021-11-23,605006,15.5,15.49,15.65,15.32,89828,138608382.0,2.11,-1.09,-0.17,3.8
2021-11-24,605006,15.55,15.51,15.85,15.36,73328,114274459.0,3.16,0.13,0.02,3.1
2021-11-25,605006,15.55,15.28,15.64,15.19,65243,100007450.0,2.9,-1.48,-0.23,2.76
2021-11-26,605006,15.21,15.3,15.43,15.13,49183,75229516.0,1.96,0.13,0.02,2.08
2021-11-29,605006,15.0,14.73,15.1,14.71,72631,107918422.0,2.55,-3.73,-0.57,3.07
2021-11-30,605006,14.76,14.86,15.14,14.63,52369,78002949.0,3.46,0.88,0.13,2.22
2021-12-01,605006,14.85,15.08,15.08,14.66,52734,78601389.0,2.83,1.48,0.22,2.23
2021-12-02,605006,15.13,14.76,15.13,14.75,46908,69808927.0,2.52,-2.12,-0.32,1.99
2021-12-03,605006,14.96,15.0,15.14,14.8,55789,83628768.0,2.3,1.63,0.24,2.36
2021-12-06,605006,15.06,14.86,15.33,14.72,78282,117983346.0,4.07,-0.93,-0.14,3.31
2021-12-07,605006,14.86,14.2,14.96,13.91,101720,145125608.0,7.07,-4.44,-0.66,4.3
2021-12-08,605006,14.0,14.07,14.14,13.88,51235,71799475.0,1.83,-0.92,-0.13,2.17
2021-12-09,605006,14.09,14.07,14.18,14.01,38177,53774486.0,1.21,0.0,0.0,1.62
2021-12-10,605006,14.04,14.02,14.16,14.0,33725,47455643.0,1.14,-0.36,-0.05,1.43
2021-12-13,605006,14.09,14.34,14.35,14.01,46512,66311128.0,2.43,2.28,0.32,1.97
2021-12-14,605006,14.33,14.12,14.35,14.1,34094,48312424.0,1.74,-1.53,-0.22,1.44
2021-12-15,605006,14.1,14.03,14.19,13.93,37338,52557279.0,1.84,-0.64,-0.09,1.58
2021-12-16,605006,14.08,14.14,14.16,14.0,30718,43244783.0,1.14,0.78,0.11,1.3
2021-12-17,605006,14.13,13.99,14.13,13.9,35571,49694418.0,1.63,-1.06,-0.15,1.51
2021-12-20,605006,13.98,13.55,14.0,13.51,43875,59876763.0,3.5,-3.15,-0.44,1.86
2021-12-21,605006,13.5,13.64,13.73,13.48,25700,34987554.0,1.85,0.66,0.09,1.09
2021-12-22,605006,13.69,13.77,13.78,13.62,25674,35215797.0,1.17,0.95,0.13,1.09
2021-12-23,605006,13.81,13.7,13.9,13.63,31600,43505448.0,1.96,-0.51,-0.07,1.34
2021-12-24,605006,13.7,13.36,13.78,13.22,41538,55711102.0,4.09,-2.48,-0.34,1.76
2021-12-27,605006,13.45,13.45,13.52,13.26,19712,26436314.0,1.95,0.67,0.09,0.83
2021-12-28,605006,13.44,13.53,13.56,13.41,18292,24700786.0,1.12,0.59,0.08,0.77
2021-12-29,605006,13.5,13.52,13.65,13.4,20869,28265249.0,1.85,-0.07,-0.01,0.88
2021-12-30,605006,13.47,13.75,13.82,13.42,29055,39718906.0,2.96,1.7,0.23,1.23
2021-12-31,605006,13.74,13.9,13.9,13.66,28746,39675594.0,1.75,1.09,0.15,1.22
2022-01-04,605006,13.9,14.17,14.3,13.81,55629,78181739.0,3.53,1.94,0.27,2.35
2022-01-05,605006,14.16,14.09,14.16,13.94,37334,52302548.0,1.55,-0.56,-0.08,1.58
2022-01-06,605006,14.0,13.97,14.06,13.92,26189,36631206.0,0.99,-0.85,-0.12,1.11
2022-01-07,605006,13.97,13.9,14.12,13.85,35158,49022192.0,1.93,-0.5,-0.07,1.49
2022-01-10,605006,13.92,14.03,14.09,13.89,25196,35298041.0,1.44,0.94,0.13,1.07
2022-01-11,605006,14.05,14.19,14.37,14.05,53081,75546893.0,2.28,1.14,0.16,2.25
2022-01-12,605006,14.19,14.26,14.27,14.04,30320,42929357.0,1.62,0.49,0.07,1.28
2022-01-13,605006,14.26,13.89,14.4,13.88,60952,85960036.0,3.65,-2.59,-0.37,2.58
2022-01-14,605006,13.88,13.57,13.89,13.51,36190,49507136.0,2.74,-2.3,-0.32,1.53
2022-01-17,605006,13.5,13.68,13.7,13.44,22652,30827932.0,1.92,0.81,0.11,0.96
2022-01-18,605006,13.47,13.09,13.5,13.01,73559,96704863.0,3.58,-4.31,-0.59,3.11
2022-01-19,605006,13.01,13.1,13.16,13.01,24226,31699491.0,1.15,0.08,0.01,1.03
2022-01-20,605006,13.06,12.89,13.14,12.87,27540,35664271.0,2.06,-1.6,-0.21,1.17
2022-01-21,605006,12.85,12.72,12.88,12.69,20887,26609928.0,1.47,-1.32,-0.17,0.88
2022-01-24,605006,12.72,12.62,12.72,12.38,20564,25664181.0,2.67,-0.79,-0.1,0.87
2022-01-25,605006,12.51,11.83,12.59,11.83,37363,45294123.0,6.02,-6.26,-0.79,1.58
2022-01-26,605006,11.9,12.0,12.12,11.84,23083,27681978.0,2.37,1.44,0.17,0.98
2022-01-27,605006,11.99,11.69,12.08,11.67,17662,20989663.0,3.42,-2.58,-0.31,0.75
2022-01-28,605006,11.75,11.92,12.1,11.53,19771,23419416.0,4.88,1.97,0.23,0.84
2022-02-07,605006,12.02,12.22,12.32,12.02,17211,21010008.0,2.52,2.52,0.3,0.73
2022-02-08,605006,12.23,12.46,12.46,12.13,21061,25934026.0,2.7,1.96,0.24,0.89
2022-02-09,605006,12.53,12.52,12.55,12.35,20087,25002967.0,1.61,0.48,0.06,0.85
2022-02-10,605006,12.49,12.5,12.52,12.42,15586,19423452.0,0.8,-0.16,-0.02,0.66
2022-02-11,605006,12.5,12.24,12.5,12.21,20032,24705598.0,2.32,-2.08,-0.26,0.85
2022-02-14,605006,12.2,12.24,12.33,12.09,15725,19217577.0,1.96,0.0,0.0,0.67
2022-02-15,605006,12.25,12.08,12.34,12.01,21114,25541716.0,2.7,-1.31,-0.16,0.89
2022-02-16,605006,12.3,12.65,12.68,12.3,42855,53808191.0,3.15,4.72,0.57,1.81
2022-02-17,605006,12.55,12.53,12.64,12.48,26837,33666514.0,1.26,-0.95,-0.12,1.14
2022-02-18,605006,12.36,12.62,12.68,12.35,18894,23762647.0,2.63,0.72,0.09,0.8
2022-02-21,605006,12.62,12.65,12.65,12.5,15066,18943553.0,1.19,0.24,0.03,0.64
2022-02-22,605006,12.55,12.47,12.56,12.38,19957,24886629.0,1.42,-1.42,-0.18,0.84
2022-02-23,605006,12.49,12.69,12.79,12.49,26140,33034562.0,2.41,1.76,0.22,1.11
2022-02-24,605006,12.69,12.36,12.75,12.22,32712,40869374.0,4.18,-2.6,-0.33,1.38
2022-02-25,605006,12.4,12.47,12.63,12.4,18695,23397114.0,1.86,0.89,0.11,0.79
2022-02-28,605006,12.45,12.39,12.48,12.23,15942,19649798.0,2.0,-0.64,-0.08,0.67
2022-03-01,605006,12.38,12.48,12.55,12.38,12634,15793279.0,1.37,0.73,0.09,0.53
2022-03-02,605006,12.38,12.57,12.59,12.38,15802,19765600.0,1.68,0.72,0.09,0.67
2022-03-03,605006,12.56,12.58,12.67,12.52,18420,23196985.0,1.19,0.08,0.01,0.78
2022-03-04,605006,12.55,12.43,12.59,12.41,18161,22675419.0,1.43,-1.19,-0.15,0.77
2022-03-07,605006,12.28,12.05,12.4,11.95,25238,30596600.0,3.62,-3.06,-0.38,1.07
2022-03-08,605006,11.87,11.57,12.1,11.53,22119,25925845.0,4.73,-3.98,-0.48,0.94
2022-03-09,605006,11.6,11.17,11.68,10.69,27793,31136915.0,8.56,-3.46,-0.4,1.18
2022-03-10,605006,11.55,11.57,11.67,11.45,24054,27806080.0,1.97,3.58,0.4,1.02
2022-03-11,605006,11.4,11.63,11.66,11.17,13246,15112954.0,4.24,0.52,0.06,0.56
2022-03-14,605006,11.57,11.32,11.63,11.31,11336,12981624.0,2.75,-2.67,-0.31,0.48
2022-03-15,605006,11.28,10.93,11.5,10.92,25815,28961660.0,5.12,-3.45,-0.39,1.09
2022-03-16,605006,11.11,11.28,11.33,10.8,19077,21245624.0,4.85,3.2,0.35,0.81
2022-03-17,605006,11.4,11.51,11.74,11.38,25938,29959608.0,3.19,2.04,0.23,1.1
2022-03-18,605006,11.52,11.76,11.84,11.46,19618,22996194.0,3.3,2.17,0.25,0.83
2022-03-21,605006,11.86,11.78,11.86,11.62,18065,21208423.0,2.04,0.17,0.02,0.76
2022-03-22,605006,11.7,11.79,11.93,11.68,17307,20437618.0,2.12,0.08,0.01,0.73
2022-03-23,605006,11.89,11.94,12.04,11.72,17341,20730674.0,2.71,1.27,0.15,0.73
2022-03-24,605006,11.87,11.8,11.93,11.75,12496,14767964.0,1.51,-1.17,-0.14,0.53
2022-03-25,605006,11.8,11.81,11.99,11.8,13817,16441639.0,1.61,0.08,0.01,0.58
2022-03-28,605006,11.92,12.3,12.34,11.81,38986,47521146.0,4.49,4.15,0.49,1.65
2022-03-29,605006,12.31,12.12,12.36,12.03,23575,28597427.0,2.68,-1.46,-0.18,1.0
2022-03-30,605006,12.13,12.22,12.4,12.13,28438,34786846.0,2.23,0.83,0.1,1.2
2022-03-31,605006,12.36,12.47,12.52,12.23,44969,55693774.0,2.37,2.05,0.25,1.9
2022-04-01,605006,12.38,12.61,12.64,12.29,33840,42268473.0,2.81,1.12,0.14,1.43
2022-04-06,605006,12.6,12.69,12.76,12.5,27192,34360809.0,2.06,0.63,0.08,1.15
2022-04-07,605006,12.59,12.77,13.13,12.58,55025,70972074.0,4.33,0.63,0.08,2.33
2022-04-08,605006,12.77,12.86,12.93,12.43,42225,53565383.0,3.92,0.7,0.09,1.79
2022-04-11,605006,12.89,12.56,12.95,12.48,32092,40765233.0,3.65,-2.33,-0.3,1.36
2022-04-12,605006,12.55,12.57,12.66,12.29,25091,31344654.0,2.95,0.08,0.01,1.06
2022-04-13,605006,12.59,12.29,12.59,12.25,24564,30354961.0,2.7,-2.23,-0.28,1.04
2022-04-14,605006,12.29,12.39,12.46,12.17,20497,25252045.0,2.36,0.81,0.1,0.87
2022-04-15,605006,12.31,12.18,12.43,12.11,20878,25551981.0,2.58,-1.69,-0.21,0.88
2022-04-18,605006,12.06,12.36,12.45,11.7,28333,34421134.0,6.16,1.48,0.18,1.2
2022-04-19,605006,12.36,12.79,12.93,12.27,48438,61781626.0,5.34,3.48,0.43,2.05
2022-04-20,605006,12.72,12.6,12.87,12.54,28739,36516371.0,2.58,-1.49,-0.19,1.22
2022-04-21,605006,12.57,11.92,12.67,11.84,33814,41232055.0,6.59,-5.4,-0.68,1.43
2022-04-22,605006,11.99,11.92,12.1,11.62,18512,21989653.0,4.03,0.0,0.0,0.78
2022-04-25,605006,11.72,10.92,11.79,10.78,28296,31789084.0,8.47,-8.39,-1.0,1.2
2022-04-26,605006,10.95,11.0,11.33,10.85,30566,33778981.0,4.4,0.73,0.08,1.29
2022-04-27,605006,10.95,11.54,11.54,10.92,27286,30656629.0,5.64,4.91,0.54,1.15
2022-04-28,605006,11.39,11.54,11.7,11.31,25064,28883675.0,3.38,0.0,0.0,1.06
2022-04-29,605006,11.53,11.93,11.98,11.5,26752,31525547.0,4.16,3.38,0.39,1.13
2022-05-05,605006,11.95,12.38,12.45,11.88,41824,50992249.0,4.78,3.77,0.45,1.77
2022-05-06,605006,12.1,12.38,12.45,12.01,38467,47323701.0,3.55,0.0,0.0,1.63
2022-05-09,605006,12.45,12.36,12.46,12.28,25487,31538414.0,1.45,-0.16,-0.02,1.08
2022-05-10,605006,10.3,10.06,10.36,9.99,47570,48233554.0,2.99,-18.61,-2.3,1.68
2022-05-11,605006,10.26,10.06,10.29,10.03,44295,45089994.0,2.58,0.0,0.0,1.56
2022-05-12,605006,10.03,9.9,10.13,9.79,38490,38244211.0,3.38,-1.59,-0.16,1.36
2022-05-13,605006,9.91,10.09,10.48,9.9,42513,43182107.0,5.86,1.92,0.19,1.5
2022-05-16,605006,10.09,10.01,10.17,9.96,29098,29292592.0,2.08,-0.79,-0.08,1.03
2022-05-17,605006,9.95,9.83,10.06,9.79,29005,28607967.0,2.7,-1.8,-0.18,1.02
2022-05-18,605006,9.83,9.78,9.89,9.76,22252,21812694.0,1.32,-0.51,-0.05,0.78
2022-05-19,605006,9.68,9.76,9.77,9.52,32553,31281937.0,2.56,-0.2,-0.02,1.15
2022-05-20,605006,9.77,10.09,10.12,9.7,42003,41915810.0,4.3,3.38,0.33,1.48
2022-05-23,605006,10.04,10.12,10.17,10.0,25199,25420132.0,1.68,0.3,0.03,0.89
2022-05-24,605006,10.12,9.63,10.18,9.63,32346,32073914.0,5.43,-4.84,-0.49,1.14
2022-05-25,605006,9.67,10.06,10.06,9.67,27064,26773883.0,4.05,4.47,0.43,0.95
2022-05-26,605006,10.16,10.08,10.17,9.89,22542,22601740.0,2.78,0.2,0.02,0.79
2022-05-27,605006,10.05,10.0,10.15,9.94,21866,21941647.0,2.08,-0.79,-0.08,0.77
2022-05-30,605006,10.07,10.05,10.07,9.92,22360,22389170.0,1.5,0.5,0.05,0.79
2022-05-31,605006,10.05,10.12,10.15,9.96,26581,26714302.0,1.89,0.7,0.07,0.94
2022-06-01,605006,10.11,10.22,10.25,10.03,32385,32973071.0,2.17,0.99,0.1,1.14
2022-06-02,605006,10.25,10.18,10.25,10.06,26956,27378528.0,1.86,-0.39,-0.04,0.95
2022-06-06,605006,10.15,10.32,10.32,10.15,34953,35884715.0,1.67,1.38,0.14,1.23
2022-06-07,605006,10.33,10.79,10.86,10.32,106337,113446117.0,5.23,4.55,0.47,3.75
2022-06-08,605006,10.78,10.51,10.78,10.33,67137,70627697.0,4.17,-2.59,-0.28,2.37
2022-06-09,605006,10.52,10.35,10.52,10.21,33053,34153838.0,2.95,-1.52,-0.16,1.17
2022-06-10,605006,10.26,10.43,10.45,10.25,27857,28940990.0,1.93,0.77,0.08,0.98
2022-06-13,605006,10.36,10.59,10.59,10.28,38790,40587961.0,2.97,1.53,0.16,1.37
2022-06-14,605006,10.54,10.95,11.11,10.4,105045,114210452.0,6.7,3.4,0.36,3.7
2022-06-15,605006,10.98,10.72,11.03,10.7,74541,80518232.0,3.01,-2.1,-0.23,2.63
2022-06-16,605006,10.69,10.65,10.78,10.55,46506,49689743.0,2.15,-0.65,-0.07,1.64
2022-06-17,605006,10.58,10.79,10.87,10.5,50137,53974982.0,3.47,1.31,0.14,1.77
2022-06-20,605006,10.8,10.91,10.98,10.63,53897,58422940.0,3.24,1.11,0.12,1.9
2022-06-21,605006,10.87,10.68,10.87,10.56,48875,52364570.0,2.84,-2.11,-0.23,1.72
2022-06-22,605006,10.77,10.48,10.77,10.45,27472,29051237.0,3.0,-1.87,-0.2,0.97
2022-06-23,605006,10.48,10.62,10.65,10.36,32829,34525979.0,2.77,1.34,0.14,1.16
2022-06-24,605006,10.83,11.1,11.34,10.75,145941,162294832.0,5.56,4.52,0.48,5.15
2022-06-27,605006,11.19,11.73,11.73,11.13,178650,204307368.0,5.41,5.68,0.63,6.3
2022-06-28,605006,11.7,11.52,11.71,11.37,114474,131350520.0,2.9,-1.79,-0.21,4.04
2022-06-29,605006,11.52,11.47,11.71,11.37,105239,121585499.0,2.95,-0.43,-0.05,3.71
2022-06-30,605006,11.5,11.45,11.53,11.29,72387,82606645.0,2.09,-0.17,-0.02,2.55
2022-07-01,605006,11.45,11.34,11.52,11.34,54249,61870664.0,1.57,-0.96,-0.11,1.91
2022-07-04,605006,11.38,11.36,11.46,11.3,48637,55342299.0,1.41,0.18,0.02,1.72
2022-07-05,605006,11.36,11.24,11.47,11.14,59226,66692006.0,2.9,-1.06,-0.12,2.09
2022-07-06,605006,11.17,11.0,11.24,10.88,55149,60937317.0,3.2,-2.14,-0.24,1.94
2022-07-07,605006,11.12,11.04,11.14,10.98,31776,35115235.0,1.45,0.36,0.04,1.12
2022-07-08,605006,11.12,10.91,11.2,10.89,47428,52310148.0,2.81,-1.18,-0.13,1.67
2022-07-11,605006,10.91,10.6,10.96,10.48,65048,69076566.0,4.4,-2.84,-0.31,2.29
2022-07-12,605006,10.6,10.34,10.66,10.3,41308,43130301.0,3.4,-2.45,-0.26,1.46
2022-07-13,605006,10.35,10.62,10.62,10.35,42638,44809177.0,2.61,2.71,0.28,1.5
2022-07-14,605006,10.53,10.5,10.6,10.44,28597,30050999.0,1.51,-1.13,-0.12,1.01
2022-07-15,605006,10.44,10.31,10.49,10.31,35724,37028037.0,1.71,-1.81,-0.19,1.26
2022-07-18,605006,10.32,10.52,10.52,10.32,27780,29041601.0,1.94,2.04,0.21,0.98
2022-07-19,605006,10.45,10.59,10.6,10.45,31953,33702305.0,1.43,0.67,0.07,1.13
2022-07-20,605006,10.6,10.79,10.85,10.54,42043,45051172.0,2.93,1.89,0.2,1.48
2022-07-21,605006,10.79,10.57,10.79,10.53,36797,39165092.0,2.41,-2.04,-0.22,1.3
2022-07-22,605006,10.62,10.53,10.69,10.42,28489,30075790.0,2.55,-0.38,-0.04,1.0
2022-07-25,605006,10.48,10.25,10.6,10.16,33138,34242769.0,4.18,-2.66,-0.28,1.17
2022-07-26,605006,10.34,10.3,10.36,10.12,26125,26710691.0,2.34,0.49,0.05,0.92
2022-07-27,605006,10.29,10.19,10.29,10.17,22279,22741477.0,1.17,-1.07,-0.11,0.79
2022-07-28,605006,10.24,10.24,10.29,10.2,25243,25862599.0,0.88,0.49,0.05,0.89
2022-07-29,605006,10.27,10.52,10.88,10.27,87135,92438510.0,5.96,2.73,0.28,3.07
2022-08-01,605006,10.41,10.25,10.6,10.17,60478,62047319.0,4.09,-2.57,-0.27,2.13
2022-08-02,605006,10.12,9.84,10.14,9.8,52673,52222321.0,3.32,-4.0,-0.41,1.86
2022-08-03,605006,9.86,9.82,10.04,9.8,26289,26083477.0,2.44,-0.2,-0.02,0.93
2022-08-04,605006,9.82,9.96,9.97,9.81,20038,19783412.0,1.63,1.43,0.14,0.71
2022-08-05,605006,10.01,10.0,10.01,9.88,21097,20990084.0,1.31,0.4,0.04,0.74
2022-08-08,605006,10.0,10.04,10.05,9.92,18685,18703002.0,1.3,0.4,0.04,0.66
2022-08-09,605006,10.04,10.0,10.06,9.95,22545,22501463.0,1.1,-0.4,-0.04,0.8
2022-08-10,605006,9.99,10.15,10.15,9.93,36123,36283599.0,2.2,1.5,0.15,1.27
2022-08-11,605006,10.15,10.24,10.26,10.1,28872,29413291.0,1.58,0.89,0.09,1.02
2022-08-12,605006,10.24,10.21,10.32,10.19,23563,24154244.0,1.27,-0.29,-0.03,0.83
2022-08-15,605006,10.21,10.2,10.24,10.11,21455,21852958.0,1.27,-0.1,-0.01,0.76
2022-08-16,605006,10.22,10.22,10.27,10.17,23550,24042536.0,0.98,0.2,0.02,0.83
2022-08-17,605006,10.22,10.22,10.26,10.14,18786,19149906.0,1.17,0.0,0.0,0.66
2022-08-18,605006,10.24,10.06,10.24,10.04,23588,23815994.0,1.96,-1.57,-0.16,0.83
2022-08-19,605006,10.08,9.96,10.13,9.95,21679,21713828.0,1.79,-0.99,-0.1,0.76
2022-08-22,605006,9.98,10.07,10.07,9.87,18423,18415845.0,2.01,1.1,0.11,0.65
2022-08-23,605006,10.05,10.11,10.11,9.96,19902,19970533.0,1.49,0.4,0.04,0.7
2022-08-24,605006,10.13,10.01,10.18,9.97,34206,34388225.0,2.08,-0.99,-0.1,1.21
2022-08-25,605006,9.96,10.02,10.03,9.88,23921,23814135.0,1.5,0.1,0.01,0.84
2022-08-26,605006,9.99,9.91,10.05,9.89,22476,22367612.0,1.6,-1.1,-0.11,0.79
2022-08-29,605006,9.81,9.88,9.89,9.75,18785,18453816.0,1.41,-0.3,-0.03,0.66
2022-08-30,605006,9.89,9.76,9.94,9.74,27889,27332364.0,2.02,-1.21,-0.12,0.98
2022-08-31,605006,9.75,9.53,9.75,9.5,37373,35782986.0,2.56,-2.36,-0.23,1.32
2022-09-01,605006,9.5,9.43,9.56,9.41,22795,21641855.0,1.57,-1.05,-0.1,0.8
2022-09-02,605006,9.48,9.55,9.63,9.45,18935,18044553.0,1.91,1.27,0.12,0.67
2022-09-05,605006,9.56,9.64,9.7,9.56,15913,15351376.0,1.47,0.94,0.09,0.56
2022-09-06,605006,9.6,9.87,9.88,9.6,31458,30749713.0,2.9,2.39,0.23,1.11
2022-09-07,605006,9.87,9.82,9.9,9.78,16442,16160570.0,1.22,-0.51,-0.05,0.58
2022-09-08,605006,9.9,9.76,9.91,9.74,14037,13721448.0,1.73,-0.61,-0.06,0.5
2022-09-09,605006,9.75,9.81,9.81,9.71,16480,16088341.0,1.02,0.51,0.05,0.58
2022-09-13,605006,9.82,9.76,9.86,9.71,12654,12362302.0,1.53,-0.51,-0.05,0.45
2022-09-14,605006,9.65,9.61,9.65,9.53,15706,15058022.0,1.23,-1.54,-0.15,0.55
2022-09-15,605006,9.6,9.39,9.66,9.32,24923,23582122.0,3.54,-2.29,-0.22,0.88
2022-09-16,605006,9.39,9.14,9.45,9.12,19378,17904420.0,3.51,-2.66,-0.25,0.68
2022-09-19,605006,9.13,8.98,9.13,8.91,18140,16332620.0,2.41,-1.75,-0.16,0.64
2022-09-20,605006,9.03,9.07,9.15,9.02,9289,8434794.0,1.45,1.0,0.09,0.33
2022-09-21,605006,9.02,9.17,9.21,8.91,13628,12379828.0,3.31,1.1,0.1,0.48
2022-09-22,605006,9.18,9.06,9.18,9.05,12539,11408471.0,1.42,-1.2,-0.11,0.44
2022-09-23,605006,9.0,8.86,9.1,8.82,21386,19102561.0,3.09,-2.21,-0.2,0.75
2022-09-26,605006,8.81,8.73,9.02,8.62,18464,16277552.0,4.51,-1.47,-0.13,0.65
2022-09-27,605006,8.78,8.83,8.86,8.69,16705,14632273.0,1.95,1.15,0.1,0.59
2022-09-28,605006,8.81,8.6,8.81,8.6,18207,15767655.0,2.38,-2.6,-0.23,0.64
2022-09-29,605006,8.68,8.6,8.74,8.52,12423,10747178.0,2.56,0.0,0.0,0.44
2022-09-30,605006,8.65,8.59,8.68,8.53,8603,7413544.0,1.74,-0.12,-0.01,0.3
2022-10-10,605006,8.8,8.46,8.83,8.43,13716,11786093.0,4.66,-1.51,-0.13,0.48
2022-10-11,605006,8.5,8.53,8.55,8.41,8952,7602596.0,1.65,0.83,0.07,0.32
2022-10-12,605006,8.57,8.7,8.7,8.41,13977,11962089.0,3.4,1.99,0.17,0.49
2022-10-13,605006,8.62,8.71,8.78,8.6,13942,12147641.0,2.07,0.11,0.01,0.49
2022-10-14,605006,8.72,8.9,8.94,8.71,22992,20390595.0,2.64,2.18,0.19,0.81
2022-10-17,605006,8.89,9.02,9.08,8.84,15172,13619955.0,2.7,1.35,0.12,0.54
2022-10-18,605006,9.02,8.95,9.06,8.91,13123,11782797.0,1.66,-0.78,-0.07,0.46
2022-10-19,605006,8.95,8.9,9.08,8.84,16776,14999738.0,2.68,-0.56,-0.05,0.59
2022-10-20,605006,8.88,8.88,8.93,8.74,14604,12908841.0,2.13,-0.22,-0.02,0.52
2022-10-21,605006,8.88,8.81,8.91,8.78,9250,8177661.0,1.46,-0.79,-0.07,0.33
2022-10-24,605006,8.82,8.65,8.89,8.54,19980,17405385.0,3.97,-1.82,-0.16,0.7
2022-10-25,605006,8.65,8.72,8.74,8.56,17536,15194773.0,2.08,0.81,0.07,0.62
2022-10-26,605006,8.58,8.77,8.84,8.58,22259,19445064.0,2.98,0.57,0.05,0.78
2022-10-27,605006,8.7,8.76,8.79,8.69,12490,10920394.0,1.14,-0.11,-0.01,0.44
2022-10-28,605006,8.7,8.28,8.75,8.28,30670,25988149.0,5.37,-5.48,-0.48,1.08
2022-10-31,605006,8.3,8.41,8.49,8.2,19634,16426321.0,3.5,1.57,0.13,0.69
2022-11-01,605006,8.4,8.56,8.59,8.35,18297,15507874.0,2.85,1.78,0.15,0.65
2022-11-02,605006,8.55,8.6,8.69,8.51,15815,13583056.0,2.1,0.47,0.04,0.56
2022-11-03,605006,8.55,8.53,8.57,8.48,14761,12583860.0,1.05,-0.81,-0.07,0.52
2022-11-04,605006,8.53,8.81,8.85,8.51,35998,31335923.0,3.99,3.28,0.28,1.27
2022-11-07,605006,8.8,8.84,8.94,8.74,27165,23969570.0,2.27,0.34,0.03,0.96
2022-11-08,605006,8.8,8.76,8.81,8.72,19182,16784652.0,1.02,-0.9,-0.08,0.68
2022-11-09,605006,8.77,8.72,8.81,8.71,16650,14585898.0,1.14,-0.46,-0.04,0.59
2022-11-10,605006,8.71,8.66,8.73,8.6,15417,13355343.0,1.49,-0.69,-0.06,0.54
2022-11-11,605006,8.8,8.84,8.88,8.75,26880,23663625.0,1.5,2.08,0.18,0.95
2022-11-14,605006,8.88,8.79,8.95,8.75,29970,26561635.0,2.26,-0.57,-0.05,1.06
2022-11-15,605006,8.79,8.92,8.93,8.73,30415,26988326.0,2.28,1.48,0.13,1.07
2022-11-16,605006,8.92,8.88,8.98,8.85,21530,19171248.0,1.46,-0.45,-0.04,0.76
2022-11-17,605006,8.87,8.89,8.91,8.82,14856,13169868.0,1.01,0.11,0.01,0.52
2022-11-18,605006,8.89,8.78,8.91,8.73,20098,17743992.0,2.02,-1.24,-0.11,0.71
2022-11-21,605006,8.75,8.82,8.84,8.67,10865,9508993.0,1.94,0.46,0.04,0.38
2022-11-22,605006,8.8,8.78,8.9,8.77,17288,15274657.0,1.47,-0.45,-0.04,0.61
2022-11-23,605006,8.79,8.79,8.82,8.72,13581,11914368.0,1.14,0.11,0.01,0.48
2022-11-24,605006,8.79,8.78,8.88,8.76,12905,11364291.0,1.37,-0.11,-0.01,0.46
2022-11-25,605006,8.83,8.8,8.83,8.75,10765,9473225.0,0.91,0.23,0.02,0.38
2022-11-28,605006,8.77,8.77,8.79,8.56,16917,14707763.0,2.61,-0.34,-0.03,0.6
2022-11-29,605006,8.77,8.93,8.94,8.77,26483,23519983.0,1.94,1.82,0.16,0.93
2022-11-30,605006,9.11,8.97,9.24,8.94,55728,50647090.0,3.36,0.45,0.04,1.97
2022-12-01,605006,9.03,9.01,9.12,8.98,29174,26380796.0,1.56,0.45,0.04,1.03
2022-12-02,605006,9.06,9.02,9.06,8.95,20985,18888914.0,1.22,0.11,0.01,0.74
2022-12-05,605006,9.06,9.2,9.22,9.03,38362,35066888.0,2.11,2.0,0.18,1.35
2022-12-06,605006,9.17,9.15,9.2,9.12,22856,20913738.0,0.87,-0.54,-0.05,0.81
2022-12-07,605006,9.13,9.08,9.15,9.05,24929,22654941.0,1.09,-0.77,-0.07,0.88
2022-12-08,605006,9.08,9.04,9.13,9.0,23392,21183413.0,1.43,-0.44,-0.04,0.82
2022-12-09,605006,9.06,9.05,9.09,8.97,17853,16080265.0,1.33,0.11,0.01,0.63
2022-12-12,605006,9.0,8.9,9.04,8.87,18732,16710676.0,1.88,-1.66,-0.15,0.66
2022-12-13,605006,8.89,8.88,8.94,8.87,13537,12047426.0,0.79,-0.22,-0.02,0.48
2022-12-14,605006,8.94,8.87,8.94,8.85,13242,11763355.0,1.01,-0.11,-0.01,0.47
2022-12-15,605006,8.87,8.83,8.92,8.82,13739,12154019.0,1.13,-0.45,-0.04,0.48
2022-12-16,605006,8.81,8.83,8.91,8.75,16616,14642966.0,1.81,0.0,0.0,0.59
2022-12-19,605006,8.83,8.56,8.91,8.5,20937,18133253.0,4.64,-3.06,-0.27,0.74
2022-12-20,605006,8.51,8.52,8.61,8.44,14813,12635571.0,1.99,-0.47,-0.04,0.52
2022-12-21,605006,8.52,8.46,8.58,8.43,10017,8501309.0,1.76,-0.7,-0.06,0.35
2022-12-22,605006,8.49,8.29,8.52,8.25,14722,12291879.0,3.19,-2.01,-0.17,0.52
2022-12-23,605006,8.29,8.27,8.37,8.17,11426,9436840.0,2.41,-0.24,-0.02,0.4
2022-12-26,605006,8.27,8.3,8.35,8.24,11839,9810360.0,1.33,0.36,0.03,0.42
2022-12-27,605006,8.3,8.33,8.34,8.26,11751,9761838.0,0.96,0.36,0.03,0.41
2022-12-28,605006,8.33,8.17,8.33,8.15,16315,13407364.0,2.16,-1.92,-0.16,0.58
2022-12-29,605006,8.2,8.13,8.2,8.09,13910,11302602.0,1.35,-0.49,-0.04,0.49
2022-12-30,605006,8.13,8.15,8.19,8.11,8418,6851393.0,0.98,0.25,0.02,0.3
2023-01-03,605006,8.15,8.29,8.3,8.14,13226,10894185.0,1.96,1.72,0.14,0.47
2023-01-04,605006,8.31,8.31,8.38,8.27,10896,9058152.0,1.33,0.24,0.02,0.38
2023-01-05,605006,8.34,8.36,8.36,8.27,11977,9975886.0,1.08,0.6,0.05,0.42
2023-01-06,605006,8.35,8.37,8.45,8.33,13457,11293400.0,1.44,0.12,0.01,0.47
2023-01-09,605006,8.39,8.39,8.42,8.35,12778,10706627.0,0.84,0.24,0.02,0.45
2023-01-10,605006,8.4,8.36,8.41,8.29,9674,8063835.0,1.43,-0.36,-0.03,0.34
2023-01-11,605006,8.36,8.32,8.38,8.31,7785,6499261.0,0.84,-0.48,-0.04,0.27
2023-01-12,605006,8.32,8.28,8.35,8.2,10299,8518520.0,1.8,-0.48,-0.04,0.36
2023-01-13,605006,8.27,8.33,8.35,8.27,9252,7697113.0,0.97,0.6,0.05,0.33
2023-01-16,605006,8.35,8.42,8.44,8.31,17386,14587472.0,1.56,1.08,0.09,0.61
2023-01-17,605006,8.42,8.4,8.45,8.38,10267,8628370.0,0.83,-0.24,-0.02,0.36
2023-01-18,605006,8.38,8.4,8.44,8.36,7904,6647113.0,0.95,0.0,0.0,0.28
2023-01-19,605006,8.42,8.51,8.53,8.39,17837,15095360.0,1.67,1.31,0.11,0.63
2023-01-20,605006,8.51,8.59,8.59,8.49,17730,15170650.0,1.18,0.94,0.08,0.63
2023-01-30,605006,8.63,8.67,8.73,8.6,22625,19626983.0,1.51,0.93,0.08,0.8
2023-01-31,605006,8.69,8.72,8.74,8.63,21791,18924272.0,1.27,0.58,0.05,0.77
2023-02-01,605006,8.75,8.83,8.96,8.72,36825,32599131.0,2.75,1.26,0.11,1.3
2023-02-02,605006,9.29,9.4,9.71,9.28,189422,179557312.0,4.87,6.46,0.57,6.68
2023-02-03,605006,9.37,9.48,9.56,9.02,118662,110075349.0,5.74,0.85,0.08,4.18
2023-02-06,605006,9.35,9.18,9.35,9.17,70003,64534207.0,1.9,-3.16,-0.3,2.47
2023-02-07,605006,9.2,9.2,9.25,9.14,41987,38532944.0,1.2,0.22,0.02,1.48
2023-02-08,605006,9.21,9.21,9.35,9.16,41164,38098087.0,2.07,0.11,0.01,1.45
2023-02-09,605006,9.23,9.25,9.25,9.16,35391,32570212.0,0.98,0.43,0.04,1.25
2023-02-10,605006,9.24,9.24,9.25,9.19,24420,22503262.0,0.65,-0.11,-0.01,0.86
2023-02-13,605006,9.23,9.27,9.28,9.2,31034,28680734.0,0.87,0.32,0.03,1.09
2023-02-14,605006,9.3,9.5,9.5,9.27,73917,69619594.0,2.48,2.48,0.23,2.61
2023-02-15,605006,9.45,9.38,9.51,9.34,41826,39319050.0,1.79,-1.26,-0.12,1.48
2023-02-16,605006,9.39,9.12,9.45,9.04,49124,45466950.0,4.37,-2.77,-0.26,1.73
2023-02-17,605006,9.15,9.12,9.21,9.11,22218,20365681.0,1.1,0.0,0.0,0.78
2023-02-20,605006,9.4,9.41,9.46,9.25,61356,57485710.0,2.3,3.18,0.29,2.16
2023-02-21,605006,9.44,9.4,9.48,9.31,44556,41887318.0,1.81,-0.11,-0.01,1.57
2023-02-22,605006,9.34,9.27,9.35,9.22,33112,30742872.0,1.38,-1.38,-0.13,1.17
2023-02-23,605006,9.26,9.24,9.31,9.18,20990,19382270.0,1.4,-0.32,-0.03,0.74
2023-02-24,605006,9.24,9.19,9.25,9.12,18414,16891645.0,1.41,-0.54,-0.05,0.65
2023-02-27,605006,9.21,9.13,9.28,9.12,21278,19587100.0,1.74,-0.65,-0.06,0.75
2023-02-28,605006,9.13,9.17,9.17,9.07,16458,15017484.0,1.1,0.44,0.04,0.58
2023-03-01,605006,9.17,9.21,9.21,9.14,20831,19124540.0,0.76,0.44,0.04,0.73
2023-03-02,605006,9.17,9.16,9.23,9.13,17044,15613535.0,1.09,-0.54,-0.05,0.6
2023-03-03,605006,9.13,9.17,9.17,9.1,19470,17771792.0,0.76,0.11,0.01,0.69
2023-03-06,605006,9.14,9.1,9.16,9.08,15495,14109939.0,0.87,-0.76,-0.07,0.55
2023-03-07,605006,9.12,8.89,9.17,8.89,31400,28329621.0,3.08,-2.31,-0.21,1.11
2023-03-08,605006,8.89,8.95,8.97,8.87,15060,13439010.0,1.12,0.67,0.06,0.53
2023-03-09,605006,8.94,8.99,9.05,8.93,12508,11226505.0,1.34,0.45,0.04,0.44
2023-03-10,605006,8.98,8.87,8.98,8.82,14711,13046299.0,1.78,-1.33,-0.12,0.52
2023-03-13,605006,8.83,8.78,8.88,8.7,18388,16103968.0,2.03,-1.01,-0.09,0.65
2023-03-14,605006,8.78,8.59,8.79,8.5,22099,18999211.0,3.3,-2.16,-0.19,0.78
2023-03-15,605006,8.67,8.78,8.79,8.62,18642,16284928.0,1.98,2.21,0.19,0.66
2023-03-16,605006,8.76,8.62,8.8,8.59,13590,11776852.0,2.39,-1.82,-0.16,0.48
2023-03-17,605006,8.68,8.75,8.76,8.65,13458,11734385.0,1.28,1.51,0.13,0.47
2023-03-20,605006,8.72,8.85,8.93,8.66,20217,17852282.0,3.09,1.14,0.1,0.71
2023-03-21,605006,8.86,8.93,8.93,8.83,15541,13822503.0,1.13,0.9,0.08,0.55
2023-03-22,605006,8.95,8.91,8.97,8.86,16556,14759237.0,1.23,-0.22,-0.02,0.58
2023-03-23,605006,8.86,8.95,8.96,8.84,14886,13259280.0,1.35,0.45,0.04,0.52
2023-03-24,605006,8.95,8.93,8.98,8.88,14319,12797791.0,1.12,-0.22,-0.02,0.5
2023-03-27,605006,8.93,8.86,8.94,8.76,18726,16542996.0,2.02,-0.78,-0.07,0.66
2023-03-28,605006,8.81,8.71,8.88,8.71,15507,13622513.0,1.92,-1.69,-0.15,0.55
2023-03-29,605006,8.71,8.68,8.79,8.68,12568,10973356.0,1.26,-0.34,-0.03,0.44
2023-03-30,605006,8.72,8.7,8.74,8.58,14556,12623762.0,1.84,0.23,0.02,0.51
2023-03-31,605006,8.7,8.74,8.75,8.67,14067,12276264.0,0.92,0.46,0.04,0.5
2023-04-03,605006,8.74,9.09,9.18,8.74,47197,42450093.0,5.03,4.0,0.35,1.66
2023-04-04,605006,9.06,8.96,9.12,8.95,24890,22427590.0,1.87,-1.43,-0.13,0.88
2023-04-06,605006,8.92,8.87,8.97,8.81,23703,21022661.0,1.79,-1.0,-0.09,0.84
2023-04-07,605006,8.83,8.88,8.9,8.82,20233,17943675.0,0.9,0.11,0.01,0.71
2023-04-10,605006,8.88,8.79,8.9,8.75,19622,17318570.0,1.69,-1.01,-0.09,0.69
2023-04-11,605006,8.78,8.8,8.83,8.71,14110,12350181.0,1.37,0.11,0.01,0.5
2023-04-12,605006,8.81,8.72,8.83,8.67,18372,16031438.0,1.82,-0.91,-0.08,0.65
2023-04-13,605006,8.73,8.65,8.73,8.61,20402,17658494.0,1.38,-0.8,-0.07,0.72
2023-04-14,605006,8.67,8.64,8.69,8.6,13139,11346527.0,1.04,-0.12,-0.01,0.46
2023-04-17,605006,8.6,8.67,8.74,8.59,25579,22198003.0,1.74,0.35,0.03,0.9
2023-04-18,605006,8.68,8.59,8.7,8.56,21930,18888893.0,1.61,-0.92,-0.08,0.77
2023-04-19,605006,8.59,8.6,8.62,8.56,12241,10506045.0,0.7,0.12,0.01,0.43
2023-04-20,605006,8.6,8.43,8.6,8.39,26301,22207193.0,2.44,-1.98,-0.17,0.93
2023-04-21,605006,8.41,8.2,8.41,8.18,27368,22634031.0,2.73,-2.73,-0.23,0.97
2023-04-24,605006,8.28,8.17,8.28,8.07,14602,11897130.0,2.56,-0.37,-0.03,0.51
2023-04-25,605006,8.21,7.92,8.21,7.87,24897,19883108.0,4.16,-3.06,-0.25,0.88
2023-04-26,605006,7.8,7.97,8.02,7.75,14325,11339200.0,3.41,0.63,0.05,0.51
2023-04-27,605006,7.95,8.0,8.01,7.92,12125,9660378.0,1.13,0.38,0.03,0.43
2023-04-28,605006,8.0,8.06,8.06,7.97,14838,11908190.0,1.13,0.75,0.06,0.52
2023-05-04,605006,8.01,8.01,8.06,7.98,18420,14759008.0,0.99,-0.62,-0.05,0.65
2023-05-05,605006,8.04,7.98,8.04,7.91,13873,11048010.0,1.62,-0.37,-0.03,0.49
2023-05-08,605006,8.03,8.03,8.06,7.97,12671,10154660.0,1.13,0.63,0.05,0.45
2023-05-09,605006,8.01,8.03,8.11,8.0,16164,13022703.0,1.37,0.0,0.0,0.57
2023-05-10,605006,8.01,8.06,8.09,8.01,9868,7948402.0,1.0,0.37,0.03,0.35
2023-05-11,605006,8.1,8.07,8.1,8.04,9512,7676878.0,0.74,0.12,0.01,0.34
2023-05-12,605006,8.04,8.0,8.09,8.0,11949,9589199.0,1.12,-0.87,-0.07,0.42
2023-05-15,605006,8.0,8.02,8.03,7.96,11525,9219951.0,0.88,0.25,0.02,0.41
2023-05-16,605006,8.06,8.0,8.06,7.97,9893,7918898.0,1.12,-0.25,-0.02,0.35
2023-05-17,605006,7.98,8.04,8.05,7.98,10123,8122183.0,0.88,0.5,0.04,0.36
2023-05-18,605006,8.06,8.04,8.08,8.01,7665,6160096.0,0.87,0.0,0.0,0.27
2023-05-19,605006,8.03,8.1,8.1,7.99,11168,8991637.0,1.37,0.75,0.06,0.39
2023-05-22,605006,8.1,8.13,8.13,8.01,12855,10396320.0,1.48,0.37,0.03,0.45
2023-05-23,605006,8.15,8.22,8.23,8.14,20807,17048626.0,1.11,1.11,0.09,0.73
2023-05-24,605006,8.18,8.13,8.18,8.09,17578,14310217.0,1.09,-1.09,-0.09,0.62
2023-05-25,605006,7.86,7.83,7.9,7.79,15500,12135110.0,1.35,-3.69,-0.3,0.55
2023-05-26,605006,7.86,7.81,7.88,7.7,12053,9372914.0,2.3,-0.26,-0.02,0.43
2023-05-29,605006,7.76,7.71,7.81,7.71,10259,7937894.0,1.28,-1.28,-0.1,0.36
2023-05-30,605006,7.68,7.71,7.74,7.62,8843,6794189.0,1.56,0.0,0.0,0.31
2023-05-31,605006,7.65,7.64,7.75,7.61,8490,6492473.0,1.82,-0.91,-0.07,0.3
2023-06-01,605006,7.64,7.62,7.69,7.57,8547,6516635.0,1.57,-0.26,-0.02,0.3
2023-06-02,605006,7.62,7.8,7.88,7.62,15316,11876156.0,3.41,2.36,0.18,0.54
2023-06-05,605006,7.8,7.78,7.81,7.73,8228,6399724.0,1.03,-0.26,-0.02,0.29
2023-06-06,605006,7.79,7.71,7.82,7.69,12562,9711261.0,1.67,-0.9,-0.07,0.44
2023-06-07,605006,7.7,7.62,7.7,7.6,12394,9454088.0,1.3,-1.17,-0.09,0.44
2023-06-08,605006,7.61,7.59,7.62,7.55,11450,8685580.0,0.92,-0.39,-0.03,0.4
2023-06-09,605006,7.61,7.46,7.61,7.43,19216,14397496.0,2.37,-1.71,-0.13,0.68
2023-06-12,605006,7.47,7.5,7.5,7.31,16383,12102707.0,2.55,0.54,0.04,0.58
2023-06-13,605006,7.5,7.47,7.51,7.44,9012,6734399.0,0.93,-0.4,-0.03,0.32
2023-06-14,605006,7.47,7.5,7.5,7.43,9089,6791886.0,0.94,0.4,0.03,0.32
2023-06-15,605006,7.53,7.57,7.57,7.45,12353,9298922.0,1.6,0.93,0.07,0.44
2023-06-16,605006,7.58,7.58,7.62,7.56,10187,7731128.0,0.79,0.13,0.01,0.36
2023-06-19,605006,7.58,7.53,7.61,7.52,8724,6584193.0,1.19,-0.66,-0.05,0.31
2023-06-20,605006,7.53,7.41,7.53,7.4,12808,9528277.0,1.73,-1.59,-0.12,0.45
2023-06-21,605006,7.4,7.36,7.46,7.35,9870,7310610.0,1.48,-0.67,-0.05,0.35
2023-06-26,605006,7.35,7.28,7.35,7.26,13585,9928005.0,1.22,-1.09,-0.08,0.48
2023-06-27,605006,7.28,7.41,7.45,7.27,12067,8919921.0,2.47,1.79,0.13,0.43
2023-06-28,605006,7.41,7.39,7.41,7.3,8418,6185205.0,1.48,-0.27,-0.02,0.3
2023-06-29,605006,7.37,7.39,7.46,7.37,9728,7218752.0,1.22,0.0,0.0,0.34
2023-06-30,605006,7.45,7.5,7.5,7.41,9624,7193933.0,1.22,1.49,0.11,0.34
2023-07-03,605006,7.5,7.62,7.62,7.5,15753,11956616.0,1.6,1.6,0.12,0.56
2023-07-04,605006,7.62,7.65,7.68,7.58,14338,10945625.0,1.31,0.39,0.03,0.51
2023-07-05,605006,7.65,7.64,7.68,7.59,13345,10195670.0,1.18,-0.13,-0.01,0.47
2023-07-06,605006,7.68,7.63,7.68,7.61,8598,6563955.0,0.92,-0.13,-0.01,0.3
2023-07-07,605006,7.65,7.61,7.66,7.59,7257,5531753.0,0.92,-0.26,-0.02,0.26
2023-07-10,605006,7.65,7.64,7.69,7.62,9699,7421693.0,0.92,0.39,0.03,0.34
2023-07-11,605006,7.68,7.69,7.7,7.64,10853,8332156.0,0.79,0.65,0.05,0.38
2023-07-12,605006,7.69,7.67,7.73,7.66,9738,7497270.0,0.91,-0.26,-0.02,0.34
2023-07-13,605006,7.66,7.73,7.75,7.66,10163,7834717.0,1.17,0.78,0.06,0.36
2023-07-14,605006,7.76,7.67,7.76,7.65,8497,6539383.0,1.42,-0.78,-0.06,0.3
2023-07-17,605006,7.6,7.64,7.69,7.49,19030,14503321.0,2.61,-0.39,-0.03,0.67
2023-07-18,605006,7.63,7.73,7.75,7.61,15015,11547645.0,1.83,1.18,0.09,0.53
2023-07-19,605006,7.73,7.77,7.78,7.7,11219,8686949.0,1.03,0.52,0.04,0.4
2023-07-20,605006,7.77,7.71,7.81,7.7,12926,10019493.0,1.42,-0.77,-0.06,0.46
2023-07-21,605006,7.68,7.73,7.76,7.65,12044,9305648.0,1.43,0.26,0.02,0.42
2023-07-24,605006,7.71,7.66,7.75,7.63,12480,9550892.0,1.55,-0.91,-0.07,0.44
2023-07-25,605006,7.69,7.79,7.84,7.69,20367,15861929.0,1.96,1.7,0.13,0.72
2023-07-26,605006,7.82,7.8,7.83,7.77,10814,8439754.0,0.77,0.13,0.01,0.38
2023-07-27,605006,7.78,7.81,7.84,7.76,11222,8768569.0,1.03,0.13,0.01,0.4
2023-07-28,605006,7.77,7.82,7.84,7.77,13382,10460891.0,0.9,0.13,0.01,0.47
2023-07-31,605006,7.85,7.89,7.93,7.84,22129,17444609.0,1.15,0.9,0.07,0.78
2023-08-01,605006,7.92,7.9,7.92,7.85,14922,11774054.0,0.89,0.13,0.01,0.53
2023-08-02,605006,7.92,7.91,7.94,7.87,15465,12229704.0,0.89,0.13,0.01,0.55
2023-08-03,605006,7.9,7.91,7.92,7.86,12463,9839842.0,0.76,0.0,0.0,0.44
2023-08-04,605006,7.91,7.78,7.94,7.77,17843,13996479.0,2.15,-1.64,-0.13,0.63
2023-08-07,605006,7.78,7.7,7.78,7.67,16974,13087846.0,1.41,-1.03,-0.08,0.6
2023-08-08,605006,7.7,7.68,7.73,7.64,9537,7304274.0,1.17,-0.26,-0.02,0.34
2023-08-09,605006,7.68,7.59,7.68,7.57,14208,10797307.0,1.43,-1.17,-0.09,0.5
2023-08-10,605006,7.58,7.6,7.62,7.55,8735,6624577.0,0.92,0.13,0.01,0.31
2023-08-11,605006,7.63,7.42,7.63,7.42,14646,10985150.0,2.76,-2.37,-0.18,0.52
2023-08-14,605006,7.42,7.51,7.52,7.34,16009,11875880.0,2.43,1.21,0.09,0.56
2023-08-15,605006,7.55,7.42,7.59,7.38,14542,10855238.0,2.8,-1.2,-0.09,0.51
2023-08-16,605006,7.42,7.42,7.45,7.36,10138,7507556.0,1.21,0.0,0.0,0.36
2023-08-17,605006,7.37,7.45,7.48,7.31,10581,7810705.0,2.29,0.4,0.03,0.37
2023-08-18,605006,7.45,7.5,7.53,7.41,19579,14670568.0,1.61,0.67,0.05,0.69
2023-08-21,605006,7.48,7.47,7.57,7.39,15728,11749168.0,2.4,-0.4,-0.03,0.55
2023-08-22,605006,7.43,7.33,7.53,7.25,22871,16772576.0,3.75,-1.87,-0.14,0.81
2023-08-23,605006,7.34,7.2,7.34,7.2,13104,9514933.0,1.91,-1.77,-0.13,0.46
2023-08-24,605006,7.22,7.08,7.27,7.07,13484,9607161.0,2.78,-1.67,-0.12,0.48
2023-08-25,605006,7.13,7.03,7.18,7.02,14436,10230734.0,2.26,-0.71,-0.05,0.51
2023-08-28,605006,7.36,7.21,7.45,7.19,25814,18876499.0,3.7,2.56,0.18,0.91
2023-08-29,605006,7.19,7.32,7.34,7.19,17284,12595601.0,2.08,1.53,0.11,0.61
2023-08-30,605006,7.33,7.34,7.41,7.32,15488,11394290.0,1.23,0.27,0.02,0.55
2023-08-31,605006,7.3,7.28,7.37,7.26,15862,11569342.0,1.5,-0.82,-0.06,0.56
2023-09-01,605006,7.31,7.35,7.4,7.28,15524,11426707.0,1.65,0.96,0.07,0.55
2023-09-04,605006,7.4,7.53,7.54,7.36,20127,15048268.0,2.45,2.45,0.18,0.71
2023-09-05,605006,7.55,7.53,7.55,7.47,17172,12913993.0,1.06,0.0,0.0,0.61
2023-09-06,605006,7.53,7.63,7.65,7.48,19051,14461972.0,2.26,1.33,0.1,0.67
2023-09-07,605006,7.64,7.54,7.65,7.53,13823,10473151.0,1.57,-1.18,-0.09,0.49
2023-09-08,605006,7.53,7.54,7.61,7.5,15184,11466386.0,1.46,0.0,0.0,0.54
2023-09-11,605006,7.56,7.64,7.65,7.5,19561,14899113.0,1.99,1.33,0.1,0.69
2023-09-12,605006,7.64,7.57,7.64,7.57,9500,7207704.0,0.92,-0.92,-0.07,0.34
2023-09-13,605006,7.58,7.53,7.6,7.48,11314,8516667.0,1.59,-0.53,-0.04,0.4
2023-09-14,605006,7.48,7.49,7.54,7.44,9264,6931440.0,1.33,-0.53,-0.04,0.33
2023-09-15,605006,7.49,7.45,7.53,7.42,6420,4787065.0,1.47,-0.53,-0.04,0.23
2023-09-18,605006,7.48,7.5,7.52,7.3,12777,9530349.0,2.95,0.67,0.05,0.45
2023-09-19,605006,7.51,7.38,7.52,7.36,16614,12308573.0,2.13,-1.6,-0.12,0.28
2023-09-20,605006,7.38,7.4,7.45,7.32,15373,11381177.0,1.76,0.27,0.02,0.26
2023-09-21,605006,7.45,7.3,7.45,7.29,12747,9357574.0,2.16,-1.35,-0.1,0.21
2023-09-22,605006,7.3,7.36,7.37,7.26,11596,8488594.0,1.51,0.82,0.06,0.19
2023-09-25,605006,7.35,7.3,7.36,7.27,9812,7163223.0,1.22,-0.82,-0.06,0.16
2023-09-26,605006,7.3,7.22,7.33,7.2,12375,8936465.0,1.78,-1.1,-0.08,0.21
2023-09-27,605006,7.22,7.29,7.34,7.18,10250,7463038.0,2.22,0.97,0.07,0.17
2023-09-28,605006,7.35,7.38,7.39,7.26,10520,7717460.0,1.78,1.23,0.09,0.18
2023-10-09,605006,7.38,7.23,7.38,7.23,12489,9089510.0,2.03,-2.03,-0.15,0.21
2023-10-10,605006,7.26,7.11,7.33,7.11,16007,11482503.0,3.04,-1.66,-0.12,0.27
2023-10-11,605006,7.15,7.13,7.19,7.09,10178,7262120.0,1.41,0.28,0.02,0.17
2023-10-12,605006,7.14,7.21,7.22,7.12,8422,6042066.0,1.4,1.12,0.08,0.14
2023-10-13,605006,7.17,7.09,7.21,7.09,6595,4695460.0,1.66,-1.66,-0.12,0.11
2023-10-16,605006,7.13,7.07,7.14,7.04,8015,5673147.0,1.41,-0.28,-0.02,0.13
2023-10-17,605006,7.11,7.1,7.14,7.06,9670,6867651.0,1.13,0.42,0.03,0.16
2023-10-18,605006,7.08,6.98,7.15,6.98,13106,9214574.0,2.39,-1.69,-0.12,0.22
2023-10-19,605006,7.18,6.91,7.18,6.87,14539,10114980.0,4.44,-1.0,-0.07,0.24
2023-10-20,605006,6.86,6.9,7.01,6.82,11930,8272739.0,2.75,-0.14,-0.01,0.2
2023-10-23,605006,6.9,6.72,6.9,6.66,15782,10663508.0,3.48,-2.61,-0.18,0.26
2023-10-24,605006,6.75,6.86,6.9,6.73,19289,13172776.0,2.53,2.08,0.14,0.32
2023-10-25,605006,6.93,7.02,7.07,6.92,11752,8248696.0,2.19,2.33,0.16,0.2
2023-10-26,605006,7.02,7.03,7.05,6.93,17249,12082925.0,1.71,0.14,0.01,0.29
2023-10-27,605006,7.02,7.1,7.14,6.96,11794,8352145.0,2.56,1.0,0.07,0.2
2023-10-30,605006,7.07,7.13,7.16,7.03,11588,8255287.0,1.83,0.42,0.03,0.19
2023-10-31,605006,7.18,7.16,7.18,7.1,11045,7879825.0,1.12,0.42,0.03,0.18
2023-11-01,605006,7.17,7.19,7.22,7.12,21258,15267210.0,1.4,0.42,0.03,0.35
2023-11-02,605006,7.21,7.1,7.21,7.09,11860,8459106.0,1.67,-1.25,-0.09,0.2
2023-11-03,605006,7.14,7.11,7.17,7.1,8630,6154391.0,0.99,0.14,0.01,0.14
2023-11-06,605006,7.11,7.15,7.21,7.11,12893,9217053.0,1.41,0.56,0.04,0.21
2023-11-07,605006,7.17,7.13,7.18,7.08,15624,11130732.0,1.4,-0.28,-0.02,0.26
2023-11-08,605006,7.17,7.07,7.17,7.03,12308,8693208.0,1.96,-0.84,-0.06,0.21
2023-11-09,605006,7.06,7.13,7.14,7.06,19330,13728342.0,1.13,0.85,0.06,0.32
2023-11-10,605006,7.16,7.1,7.16,7.05,16736,11865197.0,1.54,-0.42,-0.03,0.28
2023-11-13,605006,7.1,7.14,7.15,7.05,14561,10333548.0,1.41,0.56,0.04,0.24
2023-11-14,605006,7.14,7.12,7.16,7.09,12545,8937723.0,0.98,-0.28,-0.02,0.21
2023-11-15,605006,7.14,7.18,7.18,7.12,15225,10899047.0,0.84,0.84,0.06,0.25
2023-11-16,605006,7.17,7.1,7.2,7.1,11230,7999502.0,1.39,-1.11,-0.08,0.19
2023-11-17,605006,7.1,7.16,7.18,7.06,17209,12264286.0,1.69,0.85,0.06,0.29
2023-11-20,605006,7.19,7.21,7.22,7.14,13370,9607623.0,1.12,0.7,0.05,0.22
2023-11-21,605006,7.21,7.24,7.32,7.19,19416,14095154.0,1.8,0.42,0.03,0.32
2023-11-22,605006,7.21,7.19,7.25,7.17,16441,11835281.0,1.1,-0.69,-0.05,0.27
2023-11-23,605006,7.21,7.24,7.26,7.15,13644,9831277.0,1.53,0.7,0.05,0.23
2023-11-24,605006,7.24,7.16,7.27,7.15,12594,9049320.0,1.66,-1.1,-0.08,0.21
2023-11-27,605006,7.18,7.09,7.18,7.04,19195,13594357.0,1.96,-0.98,-0.07,0.32
2023-11-28,605006,7.06,7.11,7.14,7.03,15103,10724273.0,1.55,0.28,0.02,0.25
2023-11-29,605006,7.13,7.08,7.15,7.06,15930,11305673.0,1.27,-0.42,-0.03,0.27
2023-11-30,605006,7.1,7.03,7.1,6.93,22436,15680176.0,2.4,-0.71,-0.05,0.37
2023-12-01,605006,7.02,7.02,7.04,6.95,17136,11993181.0,1.28,-0.14,-0.01,0.29
2023-12-04,605006,7.02,7.08,7.12,6.96,19630,13796653.0,2.28,0.85,0.06,0.33
2023-12-05,605006,7.07,7.04,7.12,7.01,20608,14538085.0,1.55,-0.56,-0.04,0.34
2023-12-06,605006,7.04,7.17,7.17,6.99,27874,19872207.0,2.56,1.85,0.13,0.46
2023-12-07,605006,7.15,7.15,7.17,7.05,30514,21722639.0,1.67,-0.28,-0.02,0.51
2023-12-08,605006,7.13,7.0,7.17,6.93,25495,17891897.0,3.36,-2.1,-0.15,0.42
2023-12-11,605006,6.98,7.45,7.7,6.85,151684,111883070.0,12.14,6.43,0.45,2.53
2023-12-12,605006,7.4,7.35,7.4,7.24,117551,85729535.0,2.15,-1.34,-0.1,1.96
2023-12-13,605006,7.29,7.28,7.45,7.25,76294,55919762.0,2.72,-0.95,-0.07,1.27
2023-12-14,605006,7.27,7.23,7.32,7.18,51563,37307831.0,1.92,-0.69,-0.05,0.86
2023-12-15,605006,7.21,7.12,7.28,7.11,41040,29503250.0,2.35,-1.52,-0.11,0.68
2023-12-18,605006,7.08,6.86,7.08,6.86,44663,31042058.0,3.09,-3.65,-0.26,0.74
2023-12-19,605006,6.81,6.79,6.91,6.72,31306,21302510.0,2.77,-1.02,-0.07,0.52
2023-12-20,605006,6.79,6.68,6.82,6.67,25206,17012066.0,2.21,-1.62,-0.11,0.42
2023-12-21,605006,6.69,6.8,6.82,6.6,27971,18801798.0,3.29,1.8,0.12,0.47
2023-12-22,605006,6.81,6.78,6.87,6.73,21762,14790832.0,2.06,-0.29,-0.02,0.36
2023-12-25,605006,6.78,6.82,6.89,6.7,22397,15253608.0,2.8,0.59,0.04,0.37
2023-12-26,605006,6.78,6.7,6.82,6.68,16301,10969434.0,2.05,-1.76,-0.12,0.27
2023-12-27,605006,6.72,6.66,6.76,6.61,16649,11103391.0,2.24,-0.6,-0.04,0.28
2023-12-28,605006,6.64,6.81,6.85,6.63,20545,13920082.0,3.3,2.25,0.15,0.34
2023-12-29,605006,6.83,6.9,6.97,6.81,27593,19011349.0,2.35,1.32,0.09,0.46
2024-01-02,605006,6.92,6.97,7.02,6.87,21557,15007873.0,2.17,1.01,0.07,0.36
2024-01-03,605006,6.93,6.98,7.02,6.91,18835,13144710.0,1.58,0.14,0.01,0.31
2024-01-04,605006,6.99,6.99,7.02,6.93,15757,10995945.0,1.29,0.14,0.01,0.26
2024-01-05,605006,6.97,6.92,7.04,6.89,15158,10562921.0,2.15,-1.0,-0.07,0.25
2024-01-08,605006,6.92,6.85,6.94,6.84,17229,11852503.0,1.45,-1.01,-0.07,0.29
2024-01-09,605006,6.85,6.84,6.94,6.76,21002,14365397.0,2.63,-0.15,-0.01,0.35
2024-01-10,605006,6.84,6.82,6.93,6.8,14632,10034287.0,1.9,-0.29,-0.02,0.24
2024-01-11,605006,6.8,6.85,6.89,6.78,13192,9015592.0,1.61,0.44,0.03,0.22
2024-01-12,605006,6.84,6.86,6.98,6.83,16017,11079461.0,2.19,0.15,0.01,0.27
2024-01-15,605006,6.9,6.86,6.91,6.81,11610,7969708.0,1.46,0.0,0.0,0.19
2024-01-16,605006,6.87,6.83,6.9,6.75,16911,11517231.0,2.19,-0.44,-0.03,0.28
2024-01-17,605006,6.9,6.69,6.9,6.66,14590,9877731.0,3.51,-2.05,-0.14,0.24
2024-01-18,605006,6.67,6.51,6.7,6.34,31258,20247778.0,5.38,-2.69,-0.18,0.52
2024-01-19,605006,6.5,6.43,6.56,6.42,11409,7386089.0,2.15,-1.23,-0.08,0.19
2024-01-22,605006,6.47,6.08,6.55,5.97,24966,15458821.0,9.02,-5.44,-0.35,0.42
2024-01-23,605006,6.0,6.01,6.09,5.81,21449,12762030.0,4.61,-1.15,-0.07,0.36
2024-01-24,605006,6.07,6.13,6.13,5.88,19034,11495995.0,4.16,2.0,0.12,0.32
2024-01-25,605006,6.16,6.42,6.45,6.13,21334,13437014.0,5.22,4.73,0.29,0.36
2024-01-26,605006,6.46,6.52,6.59,6.44,24689,16125745.0,2.34,1.56,0.1,0.41
2024-01-29,605006,6.58,6.35,6.58,6.35,19283,12394506.0,3.53,-2.61,-0.17,0.32
2024-01-30,605006,6.43,6.19,6.43,6.18,15294,9615230.0,3.94,-2.52,-0.16,0.25
2024-01-31,605006,6.19,5.88,6.21,5.84,29117,17451889.0,5.98,-5.01,-0.31,0.49
2024-02-01,605006,5.84,5.68,5.84,5.56,26423,15096489.0,4.76,-3.4,-0.2,0.44
2024-02-02,605006,5.66,5.34,5.78,5.16,33393,18138804.0,10.92,-5.99,-0.34,0.56
2024-02-05,605006,5.24,4.81,5.32,4.81,43214,21114234.0,9.55,-9.93,-0.53,0.72
2024-02-06,605006,4.55,4.8,4.99,4.4,41331,19225048.0,12.27,-0.21,-0.01,0.69
2024-02-07,605006,4.85,4.51,4.87,4.45,55221,25224159.0,8.75,-6.04,-0.29,0.92
2024-02-08,605006,4.51,4.8,4.86,4.37,49192,22801129.0,10.86,6.43,0.29,0.82
2024-02-19,605006,4.8,5.03,5.07,4.8,37375,18677391.0,5.63,4.79,0.23,0.62
2024-02-20,605006,5.02,5.18,5.2,4.96,32840,16652139.0,4.77,2.98,0.15,0.55
2024-02-21,605006,5.09,5.31,5.45,5.09,31408,16746851.0,6.95,2.51,0.13,0.52
2024-02-22,605006,5.36,5.42,5.43,5.28,22820,12258417.0,2.82,2.07,0.11,0.38
2024-02-23,605006,5.44,5.65,5.73,5.39,28838,15989797.0,6.27,4.24,0.23,0.48
2024-02-26,605006,5.66,5.9,6.0,5.63,37476,21914598.0,6.55,4.42,0.25,0.62
2024-02-27,605006,5.9,5.89,5.92,5.76,32246,18850630.0,2.71,-0.17,-0.01,0.54
2024-02-28,605006,5.88,5.42,5.98,5.41,43783,24940943.0,9.68,-7.98,-0.47,0.73
2024-02-29,605006,5.32,5.53,5.59,5.32,28823,15762787.0,4.98,2.03,0.11,0.48
2024-03-01,605006,5.56,5.66,5.71,5.53,29768,16769918.0,3.25,2.35,0.13,0.5
2024-03-04,605006,5.69,5.59,5.7,5.47,20039,11131943.0,4.06,-1.24,-0.07,0.33
2024-03-05,605006,5.61,5.52,5.65,5.48,22456,12473575.0,3.04,-1.25,-0.07,0.37
2024-03-06,605006,5.47,5.55,5.59,5.45,17422,9633747.0,2.54,0.54,0.03,0.29
2024-03-07,605006,5.57,5.53,5.71,5.53,19191,10792619.0,3.24,-0.36,-0.02,0.32
2024-03-08,605006,5.52,5.57,5.61,5.45,12713,7059025.0,2.89,0.72,0.04,0.21
2024-03-11,605006,5.57,5.6,5.62,5.52,14667,8171215.0,1.8,0.54,0.03,0.24
2024-03-12,605006,5.59,5.67,5.67,5.56,21717,12202467.0,1.96,1.25,0.07,0.36
2024-03-13,605006,5.66,5.69,5.73,5.59,25538,14440336.0,2.47,0.35,0.02,0.43
2024-03-14,605006,5.69,5.71,5.72,5.66,23912,13609540.0,1.05,0.35,0.02,0.4
2024-03-15,605006,5.75,5.73,5.77,5.64,29002,16505333.0,2.28,0.35,0.02,0.48
2024-03-18,605006,5.74,6.12,6.3,5.72,101607,62232875.0,10.12,6.81,0.39,1.69
2024-03-19,605006,6.1,5.9,6.1,5.86,81729,48420475.0,3.92,-3.59,-0.22,1.36
2024-03-20,605006,5.92,5.9,5.95,5.82,49835,29248405.0,2.2,0.0,0.0,0.83
2024-03-21,605006,5.9,5.87,5.9,5.78,31758,18548381.0,2.03,-0.51,-0.03,0.53
2024-03-22,605006,5.85,5.75,5.87,5.73,27875,16088723.0,2.39,-2.04,-0.12,0.46
2024-03-25,605006,5.73,5.79,5.99,5.69,49026,28666278.0,5.22,0.7,0.04,0.82
2024-03-26,605006,5.77,6.01,6.13,5.73,81090,48378246.0,6.91,3.8,0.22,1.35
2024-03-27,605006,5.91,5.6,5.95,5.59,57828,33376049.0,5.99,-6.82,-0.41,0.96
2024-03-28,605006,5.52,5.59,5.71,5.5,40103,22503744.0,3.75,-0.18,-0.01,0.67
2024-03-29,605006,5.59,5.79,5.99,5.59,50292,29205431.0,7.16,3.58,0.2,0.84
2024-04-01,605006,5.82,6.12,6.19,5.82,100707,61050296.0,6.39,5.7,0.33,1.68
2024-04-02,605006,6.09,6.1,6.16,6.01,49362,30050593.0,2.45,-0.33,-0.02,0.82
2024-04-03,605006,6.09,6.07,6.19,6.01,46320,28216061.0,2.95,-0.49,-0.03,0.77
2024-04-08,605006,6.06,5.87,6.08,5.83,36326,21587878.0,4.12,-3.29,-0.2,0.61
2024-04-09,605006,5.86,5.99,6.0,5.86,26544,15797641.0,2.39,2.04,0.12,0.44
2024-04-10,605006,5.98,5.84,5.98,5.79,23868,13985336.0,3.17,-2.5,-0.15,0.4
2024-04-11,605006,5.84,5.83,5.93,5.78,21267,12467597.0,2.57,-0.17,-0.01,0.35
2024-04-12,605006,5.83,5.79,5.9,5.76,22049,12838114.0,2.4,-0.69,-0.04,0.37
2024-04-15,605006,5.79,5.58,5.9,5.5,53855,30454621.0,6.91,-3.63,-0.21,0.9
2024-04-16,605006,5.5,5.06,5.54,5.05,51353,26849457.0,8.78,-9.32,-0.52,0.86
2024-04-17,605006,5.07,5.44,5.44,5.07,33998,18167339.0,7.31,7.51,0.38,0.57
2024-04-18,605006,5.44,5.54,5.62,5.4,26783,14805486.0,4.04,1.84,0.1,0.45
2024-04-19,605006,5.53,5.54,5.6,5.47,20779,11508486.0,2.35,0.0,0.0,0.35
2024-04-22,605006,5.53,5.79,6.08,5.39,62217,35663200.0,12.45,4.51,0.25,1.04
2024-04-23,605006,5.65,5.48,5.7,5.42,57628,31864474.0,4.84,-5.35,-0.31,0.96
2024-04-24,605006,5.24,5.4,5.46,5.24,44488,23842802.0,4.01,-1.46,-0.08,0.74
2024-04-25,605006,5.37,5.37,5.47,5.31,28144,15188130.0,2.96,-0.56,-0.03,0.47
2024-04-26,605006,5.35,5.28,5.4,5.21,32709,17190304.0,3.54,-1.68,-0.09,0.55
2024-04-29,605006,5.31,5.48,5.48,5.28,37903,20545040.0,3.79,3.79,0.2,0.63
2024-04-30,605006,5.48,5.39,5.51,5.35,20814,11241595.0,2.92,-1.64,-0.09,0.35
2024-05-06,605006,5.45,5.67,5.74,5.45,46983,26357124.0,5.38,5.19,0.28,0.78
2024-05-07,605006,5.66,5.81,5.86,5.65,48778,28083751.0,3.7,2.47,0.14,0.81
2024-05-08,605006,5.8,5.75,5.86,5.73,31569,18266711.0,2.24,-1.03,-0.06,0.53
2024-05-09,605006,5.83,5.81,5.86,5.73,30273,17568124.0,2.26,1.04,0.06,0.5
2024-05-10,605006,5.88,5.83,5.95,5.78,27177,15857674.0,2.93,0.34,0.02,0.45
2024-05-13,605006,5.78,5.58,5.78,5.56,47026,26397046.0,3.77,-4.29,-0.25,0.78
2024-05-14,605006,5.58,5.63,5.67,5.57,19660,11025595.0,1.79,0.9,0.05,0.33
2024-05-15,605006,5.58,5.59,5.65,5.57,15992,8962498.0,1.42,-0.71,-0.04,0.27
2024-05-16,605006,5.6,5.67,5.73,5.58,26477,15028063.0,2.68,1.43,0.08,0.44
2024-05-17,605006,5.67,5.87,5.87,5.65,45012,26102231.0,3.88,3.53,0.2,0.75
2024-05-20,605006,5.88,5.84,6.0,5.82,39948,23602728.0,3.07,-0.51,-0.03,0.67
2024-05-21,605006,5.85,5.74,5.85,5.71,28381,16306436.0,2.4,-1.71,-0.1,0.47
2024-05-22,605006,5.77,5.75,5.81,5.72,14179,8178908.0,1.57,0.17,0.01,0.24
2024-05-23,605006,5.76,5.6,5.77,5.6,19617,11094717.0,2.96,-2.61,-0.15,0.33
2024-05-24,605006,5.61,5.56,5.65,5.55,15454,8636117.0,1.79,-0.71,-0.04,0.26
2024-05-27,605006,5.56,5.49,5.57,5.42,19474,10652992.0,2.7,-1.26,-0.07,0.32
2024-05-28,605006,5.52,5.4,5.56,5.4,19814,10802056.0,2.91,-1.64,-0.09,0.33
2024-05-29,605006,5.43,5.45,5.49,5.4,13773,7512921.0,1.67,0.93,0.05,0.23
2024-05-30,605006,5.43,5.38,5.51,5.34,19367,10460775.0,3.12,-1.28,-0.07,0.32
2024-05-31,605006,5.36,5.37,5.45,5.35,14286,7695150.0,1.86,-0.19,-0.01,0.24
2024-06-03,605006,5.37,5.17,5.39,5.13,23656,12307850.0,4.84,-3.72,-0.2,0.39
2024-06-04,605006,5.15,5.1,5.16,5.07,19981,10187535.0,1.74,-1.35,-0.07,0.33
2024-06-05,605006,5.1,4.97,5.1,4.96,13991,6991203.0,2.75,-2.55,-0.13,0.23
2024-06-06,605006,4.9,4.72,5.02,4.66,38833,18583200.0,7.24,-5.03,-0.25,0.65
2024-06-07,605006,4.8,4.82,4.87,4.76,19254,9273430.0,2.33,2.12,0.1,0.32
2024-06-11,605006,4.83,4.85,4.87,4.71,18266,8758947.0,3.32,0.62,0.03,0.3
2024-06-12,605006,4.8,4.83,4.88,4.79,12307,5956384.0,1.86,-0.41,-0.02,0.21
2024-06-13,605006,4.84,4.75,4.86,4.73,11847,5662912.0,2.69,-1.66,-0.08,0.2
2024-06-14,605006,4.75,4.77,4.78,4.67,11638,5499408.0,2.32,0.42,0.02,0.19
2024-06-17,605006,4.76,4.71,4.76,4.69,12773,6014649.0,1.47,-1.26,-0.06,0.21
2024-06-18,605006,4.72,4.74,4.75,4.68,9764,4615766.0,1.49,0.64,0.03,0.16
2024-06-19,605006,4.74,4.72,4.76,4.71,7955,3764185.0,1.05,-0.42,-0.02,0.13
2024-06-20,605006,4.75,4.69,4.76,4.65,14440,6768062.0,2.33,-0.64,-0.03,0.24
2024-06-21,605006,4.69,4.74,4.75,4.6,15089,7079685.0,3.2,1.07,0.05,0.25
2024-06-24,605006,4.7,4.94,5.16,4.64,88209,43354023.0,10.97,4.22,0.2,1.47
2024-06-25,605006,4.94,4.8,4.94,4.72,45607,21849166.0,4.45,-2.83,-0.14,0.76
2024-06-26,605006,4.77,4.79,4.79,4.61,29772,13976120.0,3.75,-0.21,-0.01,0.5
2024-06-27,605006,4.74,4.69,4.77,4.64,21093,9913572.0,2.71,-2.09,-0.1,0.35
2024-06-28,605006,4.62,4.41,4.69,4.36,54164,24327942.0,7.04,-5.97,-0.28,0.9
2024-07-01,605006,4.35,4.44,4.45,4.31,26888,11810103.0,3.17,0.68,0.03,0.45
2024-07-02,605006,4.42,4.45,4.48,4.37,21942,9736734.0,2.48,0.23,0.01,0.37
2024-07-03,605006,4.45,4.46,4.54,4.41,19579,8763232.0,2.92,0.22,0.01,0.33
2024-07-04,605006,4.45,4.34,4.5,4.33,22441,9891490.0,3.81,-2.69,-0.12,0.37
2024-07-05,605006,4.29,4.42,4.43,4.27,19343,8465468.0,3.69,1.84,0.08,0.32
2024-07-08,605006,4.43,4.28,4.45,4.27,18932,8163789.0,4.07,-3.17,-0.14,0.32
2024-07-09,605006,4.27,4.28,4.32,4.18,17450,7434658.0,3.27,0.0,0.0,0.29
2024-07-10,605006,4.22,4.2,4.28,4.18,14134,5980969.0,2.34,-1.87,-0.08,0.24
2024-07-11,605006,4.27,4.32,4.35,4.23,24569,10563288.0,2.86,2.86,0.12,0.41
2024-07-12,605006,4.31,4.31,4.37,4.28,18559,8018317.0,2.08,-0.23,-0.01,0.31
2024-07-15,605006,4.27,4.18,4.3,4.15,16799,7060253.0,3.48,-3.02,-0.13,0.28
2024-07-16,605006,4.18,4.13,4.18,4.11,12148,5021080.0,1.67,-1.2,-0.05,0.2
2024-07-17,605006,4.12,4.08,4.13,4.05,17572,7171136.0,1.94,-1.21,-0.05,0.29
2024-07-18,605006,4.03,4.04,4.07,3.97,18268,7314671.0,2.45,-0.98,-0.04,0.3
2024-07-19,605006,4.03,4.1,4.11,4.01,18659,7599870.0,2.48,1.49,0.06,0.31
2024-07-22,605006,4.11,4.1,4.12,4.06,10362,4235519.0,1.46,0.0,0.0,0.17
2024-07-23,605006,4.12,4.05,4.14,4.05,10725,4392681.0,2.2,-1.22,-0.05,0.18
2024-07-24,605006,4.03,3.99,4.05,3.96,11822,4725621.0,2.22,-1.48,-0.06,0.2
2024-07-25,605006,3.97,4.05,4.09,3.97,12133,4886396.0,3.01,1.5,0.06,0.2
2024-07-26,605006,4.04,4.13,4.14,4.03,11037,4538985.0,2.72,1.98,0.08,0.18
2024-07-29,605006,4.09,4.08,4.14,4.05,15878,6483011.0,2.18,-1.21,-0.05,0.26
2024-07-30,605006,4.09,4.15,4.16,4.04,17365,7173907.0,2.94,1.72,0.07,0.29
2024-07-31,605006,4.14,4.29,4.29,4.13,19149,8113561.0,3.86,3.37,0.14,0.32
2024-08-01,605006,4.3,4.24,4.33,4.21,17142,7287544.0,2.8,-1.17,-0.05,0.29
2024-08-02,605006,4.2,4.24,4.29,4.19,15428,6567497.0,2.36,0.0,0.0,0.26
2024-08-05,605006,4.24,4.2,4.3,4.2,12088,5139145.0,2.36,-0.94,-0.04,0.2
2024-08-06,605006,4.28,4.25,4.28,4.21,8302,3518328.0,1.67,1.19,0.05,0.14
2024-08-07,605006,4.26,4.23,4.27,4.21,6551,2775400.0,1.41,-0.47,-0.02,0.11
2024-08-08,605006,4.23,4.27,4.28,4.18,13697,5810355.0,2.36,0.95,0.04,0.23
2024-08-09,605006,4.26,4.22,4.29,4.22,7912,3366586.0,1.64,-1.17,-0.05,0.13
2024-08-12,605006,4.22,4.21,4.27,4.18,13067,5514215.0,2.13,-0.24,-0.01,0.22
2024-08-13,605006,4.23,4.25,4.25,4.15,12429,5233815.0,2.38,0.95,0.04,0.21
2024-08-14,605006,4.22,4.2,4.29,4.18,11638,4925891.0,2.59,-1.18,-0.05,0.19
2024-08-15,605006,4.23,4.25,4.25,4.17,14315,6035986.0,1.9,1.19,0.05,0.24
2024-08-16,605006,4.24,4.14,4.25,4.13,15191,6360447.0,2.82,-2.59,-0.11,0.25
2024-08-19,605006,4.13,4.17,4.18,4.1,15812,6571374.0,1.93,0.72,0.03,0.26
2024-08-20,605006,4.22,4.17,4.23,4.12,20385,8501696.0,2.64,0.0,0.0,0.34
2024-08-21,605006,4.15,4.15,4.21,4.14,11275,4701153.0,1.68,-0.48,-0.02,0.19
2024-08-22,605006,4.19,4.04,4.19,4.04,13747,5651011.0,3.61,-2.65,-0.11,0.23
2024-08-23,605006,4.05,4.25,4.29,4.0,42802,17740753.0,7.18,5.2,0.21,0.71
2024-08-26,605006,4.25,4.1,4.26,4.03,48952,20103467.0,5.41,-3.53,-0.15,0.82
2024-08-27,605006,4.05,3.94,4.06,3.91,31265,12424945.0,3.66,-3.9,-0.16,0.52
2024-08-28,605006,3.91,3.95,4.04,3.91,28845,11482917.0,3.3,0.25,0.01,0.48
2024-08-29,605006,3.95,4.01,4.03,3.93,12809,5104318.0,2.53,1.52,0.06,0.21
2024-08-30,605006,4.02,4.07,4.11,3.98,22867,9292939.0,3.24,1.5,0.06,0.38
2024-09-02,605006,4.09,4.06,4.12,4.03,17713,7224972.0,2.21,-0.25,-0.01,0.3
2024-09-03,605006,4.11,4.11,4.12,4.02,23663,9675658.0,2.46,1.23,0.05,0.39
2024-09-04,605006,4.1,4.21,4.21,4.07,28007,11666618.0,3.41,2.43,0.1,0.47
2024-09-05,605006,4.19,4.21,4.23,4.17,11716,4921717.0,1.43,0.0,0.0,0.2
2024-09-06,605006,4.21,4.27,4.27,4.15,23959,10106315.0,2.85,1.43,0.06,0.4
2024-09-09,605006,4.25,4.33,4.35,4.22,22592,9729673.0,3.04,1.41,0.06,0.38
2024-09-10,605006,4.32,4.33,4.34,4.24,19101,8196695.0,2.31,0.0,0.0,0.32
2024-09-11,605006,4.31,4.38,4.39,4.28,20047,8759062.0,2.54,1.15,0.05,0.33
2024-09-12,605006,4.4,4.39,4.48,4.32,40950,18048170.0,3.65,0.23,0.01,0.68
2024-09-13,605006,4.45,4.13,4.46,4.09,81097,34118586.0,8.43,-5.92,-0.26,1.35
2024-09-18,605006,4.07,4.14,4.14,4.05,24922,10206297.0,2.18,0.24,0.01,0.42
2024-09-19,605006,4.15,4.23,4.25,4.13,24660,10348952.0,2.9,2.17,0.09,0.41
2024-09-20,605006,4.23,4.24,4.25,4.18,17611,7429511.0,1.65,0.24,0.01,0.29
2024-09-23,605006,4.24,4.15,4.26,4.14,19979,8378104.0,2.83,-2.12,-0.09,0.33
2024-09-24,605006,4.18,4.31,4.34,4.14,28564,12171848.0,4.82,3.86,0.16,0.48
2024-09-25,605006,4.33,4.34,4.44,4.33,23919,10462185.0,2.55,0.7,0.03,0.4
2024-09-26,605006,4.34,4.44,4.44,4.31,22139,9683400.0,3.0,2.3,0.1,0.37
2024-09-27,605006,4.49,4.6,4.6,4.45,30392,13777171.0,3.38,3.6,0.16,0.51
2024-09-30,605006,4.73,4.94,5.0,4.61,121169,58683733.0,8.48,7.39,0.34,2.02
2024-10-08,605006,5.39,5.17,5.43,4.96,124529,64627210.0,9.51,4.66,0.23,2.08
2024-10-09,605006,5.08,4.66,5.08,4.66,74826,36216857.0,8.12,-9.86,-0.51,1.25
2024-10-10,605006,4.65,4.67,4.79,4.6,45548,21403311.0,4.08,0.21,0.01,0.76
2024-10-11,605006,4.67,4.62,4.72,4.6,37683,17528264.0,2.57,-1.07,-0.05,0.63
2024-10-14,605006,4.68,4.71,4.74,4.6,27125,12696769.0,3.03,1.95,0.09,0.45
2024-10-15,605006,4.67,4.67,4.73,4.64,23559,11014253.0,1.91,-0.85,-0.04,0.39
2024-10-16,605006,4.59,4.68,4.71,4.59,21244,9918300.0,2.57,0.21,0.01,0.35
2024-10-17,605006,4.69,4.65,4.71,4.64,25151,11761166.0,1.5,-0.64,-0.03,0.42
2024-10-18,605006,4.65,4.7,4.74,4.6,32617,15231583.0,3.01,1.08,0.05,0.54
2024-10-21,605006,4.7,4.68,4.71,4.65,26822,12545391.0,1.28,-0.43,-0.02,0.45
2024-10-22,605006,4.66,4.72,4.72,4.66,25704,12065580.0,1.28,0.85,0.04,0.43
2024-10-23,605006,4.73,4.75,4.81,4.71,31561,15009062.0,2.12,0.64,0.03,0.53
2024-10-24,605006,4.75,4.79,4.87,4.71,40873,19602259.0,3.37,0.84,0.04,0.68
2024-10-25,605006,4.78,4.91,4.92,4.78,51062,24895142.0,2.92,2.51,0.12,0.85
2024-10-28,605006,4.92,5.08,5.08,4.92,44150,22091780.0,3.26,3.46,0.17,0.74
2024-10-29,605006,5.1,4.86,5.1,4.86,49389,24447502.0,4.72,-4.33,-0.22,0.82
2024-10-30,605006,4.84,4.96,5.0,4.81,38885,19195374.0,3.91,2.06,0.1,0.65
2024-10-31,605006,4.94,4.97,5.01,4.92,43402,21627582.0,1.81,0.2,0.01,0.72
2024-11-01,605006,4.95,5.01,5.05,4.94,47326,23676210.0,2.21,0.8,0.04,0.79
2024-11-04,605006,4.95,4.99,5.01,4.94,28238,14020601.0,1.4,-0.4,-0.02,0.47
2024-11-05,605006,4.99,5.03,5.05,4.99,39191,19716237.0,1.2,0.8,0.04,0.65
2024-11-06,605006,5.0,5.06,5.1,4.99,46326,23425903.0,2.19,0.6,0.03,0.77
2024-11-07,605006,5.05,5.2,5.2,5.03,50828,26138333.0,3.36,2.77,0.14,0.85
2024-11-08,605006,5.2,5.14,5.22,5.1,51590,26531696.0,2.31,-1.15,-0.06,0.86
2024-11-11,605006,5.13,5.16,5.19,5.08,34216,17560531.0,2.14,0.39,0.02,0.57
2024-11-12,605006,5.15,5.13,5.19,5.1,42583,21920257.0,1.74,-0.58,-0.03,0.71
2024-11-13,605006,5.1,5.09,5.18,5.01,31199,15852428.0,3.31,-0.78,-0.04,0.52
2024-11-14,605006,5.09,5.01,5.11,4.99,28871,14536889.0,2.36,-1.57,-0.08,0.48
2024-11-15,605006,5.02,4.95,5.07,4.91,34315,17201060.0,3.19,-1.2,-0.06,0.57
2024-11-18,605006,5.0,4.89,5.01,4.87,27352,13538524.0,2.83,-1.21,-0.06,0.46
2024-11-19,605006,4.89,4.94,4.95,4.85,18089,8874703.0,2.04,1.02,0.05,0.3
2024-11-20,605006,4.94,5.05,5.07,4.93,28220,14141170.0,2.83,2.23,0.11,0.47
2024-11-21,605006,5.07,5.1,5.1,5.05,28209,14327107.0,0.99,0.99,0.05,0.47
2024-11-22,605006,5.08,4.99,5.15,4.99,35648,18167540.0,3.14,-2.16,-0.11,0.59
2024-11-25,605006,5.03,5.12,5.13,5.01,32993,16761560.0,2.4,2.61,0.13,0.55
2024-11-26,605006,5.14,5.13,5.19,5.1,32035,16439435.0,1.76,0.2,0.01,0.53
2024-11-27,605006,5.11,5.13,5.13,4.96,32852,16544470.0,3.31,0.0,0.0,0.55
2024-11-28,605006,5.17,5.21,5.45,5.17,81942,43231803.0,5.46,1.56,0.08,1.37
2024-11-29,605006,5.2,5.17,5.24,5.14,62240,32237040.0,1.92,-0.77,-0.04,1.04
2024-12-02,605006,5.21,5.4,5.48,5.21,95269,51240093.0,5.22,4.45,0.23,1.59
2024-12-03,605006,5.37,5.57,5.62,5.31,119019,65576577.0,5.74,3.15,0.17,1.98
2024-12-04,605006,5.57,6.13,6.13,5.36,305724,183020542.0,13.82,10.05,0.56,5.1
2024-12-05,605006,6.25,6.74,6.74,6.12,508600,330738742.0,10.11,9.95,0.61,8.48
2024-12-06,605006,6.72,7.41,7.41,6.4,564206,407538621.0,14.99,9.94,0.67,9.4
2024-12-09,605006,7.65,8.15,8.15,7.45,760671,607646603.0,9.45,9.99,0.74,12.68
2024-12-10,605006,8.79,8.97,8.97,7.88,588904,514526928.0,13.37,10.06,0.82,9.81
2024-12-11,605006,9.0,9.87,9.87,8.99,234553,226282160.0,9.81,10.03,0.9,3.91
2024-12-12,605006,10.86,10.86,10.86,10.5,261730,283343372.0,3.65,10.03,0.99,4.36
2024-12-13,605006,11.08,9.77,11.95,9.77,1089391,1171603987.0,20.07,-10.04,-1.09,18.16
2024-12-16,605006,8.79,8.79,8.79,8.79,34420,30255180.0,0.0,-10.03,-0.98,0.57
2024-12-17,605006,7.91,7.91,7.91,7.91,67559,53439169.0,0.0,-10.01,-0.88,1.13
2024-12-18,605006,7.37,7.42,7.86,7.21,940856,697465109.0,8.22,-6.19,-0.49,15.68
2024-12-19,605006,7.11,7.01,7.26,6.98,603661,427448737.0,3.77,-5.53,-0.41,10.06
2024-12-20,605006,7.0,7.09,7.09,6.96,342888,240576185.0,1.85,1.14,0.08,5.71
2024-12-23,605006,7.06,6.61,7.08,6.4,422964,284271273.0,9.59,-6.77,-0.48,7.05
2024-12-24,605006,6.53,6.61,6.7,6.43,251928,165283518.0,4.08,0.0,0.0,4.2
2024-12-25,605006,6.63,6.77,6.83,6.28,405688,268408769.0,8.32,2.42,0.16,6.76
2024-12-26,605006,6.68,6.59,6.77,6.53,266622,177128396.0,3.55,-2.66,-0.18,4.44
2024-12-27,605006,6.57,6.53,6.69,6.5,204357,134701862.0,2.88,-0.91,-0.06,3.41
2024-12-30,605006,6.48,6.43,6.48,6.32,185639,118899728.0,2.45,-1.53,-0.1,3.09
2024-12-31,605006,6.43,6.29,6.49,6.25,163612,104148691.0,3.73,-2.18,-0.14,2.73
2025-01-02,605006,6.29,6.36,6.57,6.21,228518,145857330.0,5.72,1.11,0.07,3.81
2025-01-03,605006,6.46,6.16,6.57,6.12,283909,180659977.0,7.08,-3.14,-0.2,4.73
2025-01-06,605006,6.05,6.01,6.17,5.96,187767,113198933.0,3.41,-2.44,-0.15,3.13
2025-01-07,605006,6.06,6.16,6.16,5.98,150833,91719207.0,3.0,2.5,0.15,2.51
2025-01-08,605006,6.11,6.29,6.34,5.94,246367,150871340.0,6.49,2.11,0.13,4.11
2025-01-09,605006,6.22,6.37,6.44,6.18,218389,137922228.0,4.13,1.27,0.08,3.64
2025-01-10,605006,6.33,6.16,6.53,6.1,249648,157897818.0,6.75,-3.3,-0.21,4.16
2025-01-13,605006,6.22,6.09,6.26,6.0,153295,93945424.0,4.22,-1.14,-0.07,2.55
2025-01-14,605006,6.15,6.45,6.5,6.14,274225,173930853.0,5.91,5.91,0.36,4.57
2025-01-15,605006,6.51,6.38,6.51,6.32,215799,137891193.0,2.95,-1.09,-0.07,3.6
2025-01-16,605006,6.35,6.39,6.53,6.33,212305,136293783.0,3.13,0.16,0.01,3.54
2025-01-17,605006,6.26,6.4,6.54,6.26,206443,132101115.0,4.38,0.16,0.01,3.44
2025-01-20,605006,6.45,6.39,6.5,6.3,170280,108890366.0,3.13,-0.16,-0.01,2.84
2025-01-21,605006,6.4,6.18,6.43,6.15,172785,107667757.0,4.38,-3.29,-0.21,2.88
2025-01-22,605006,6.13,5.98,6.2,5.98,143036,86633689.0,3.56,-3.24,-0.2,2.38
2025-01-23,605006,6.04,5.96,6.13,5.95,131750,79598146.0,3.01,-0.33,-0.02,2.2
2025-01-24,605006,5.92,6.04,6.07,5.91,95846,57558324.0,2.68,1.34,0.08,1.6
2025-01-27,605006,6.05,5.96,6.14,5.95,103282,62182453.0,3.15,-1.32,-0.08,1.72
2025-02-05,605006,6.04,6.03,6.09,5.96,106700,64316383.0,2.18,1.17,0.07,1.78
2025-02-06,605006,5.99,6.19,6.23,5.98,151822,92770471.0,4.15,2.65,0.16,2.53
2025-02-07,605006,6.25,6.24,6.33,6.15,168818,105486423.0,2.91,0.81,0.05,2.81
2025-02-10,605006,6.24,6.37,6.38,6.24,133321,83984668.0,2.24,2.08,0.13,2.22
2025-02-11,605006,6.41,6.44,6.49,6.26,245183,157086766.0,3.61,1.1,0.07,4.09
2025-02-12,605006,6.45,6.51,6.66,6.42,226746,147583888.0,3.73,1.09,0.07,3.78
2025-02-13,605006,6.51,6.41,6.54,6.38,156522,100984006.0,2.46,-1.54,-0.1,2.61
2025-02-14,605006,6.42,6.37,6.48,6.31,127016,81182522.0,2.65,-0.62,-0.04,2.12
2025-02-17,605006,6.41,6.53,6.57,6.41,166725,108353579.0,2.51,2.51,0.16,2.78
2025-02-18,605006,6.55,6.34,6.55,6.33,109274,70344310.0,3.37,-2.91,-0.19,1.82
2025-02-19,605006,6.35,6.62,6.75,6.34,273799,180088044.0,6.47,4.42,0.28,4.56
2025-02-20,605006,6.59,6.72,6.84,6.44,285166,188790791.0,6.04,1.51,0.1,4.75
2025-02-21,605006,6.72,6.62,6.73,6.57,202569,134298072.0,2.38,-1.49,-0.1,3.38
2025-02-24,605006,6.64,6.74,6.95,6.5,288610,193613839.0,6.8,1.81,0.12,4.81
2025-02-25,605006,6.65,6.57,6.78,6.5,190187,126556609.0,4.15,-2.52,-0.17,3.17
2025-02-26,605006,6.59,6.61,6.68,6.55,131418,86741121.0,1.98,0.61,0.04,2.19
2025-02-27,605006,6.63,6.58,6.67,6.45,141338,92836767.0,3.33,-0.45,-0.03,2.36
2025-02-28,605006,6.55,6.43,6.62,6.38,119395,77564853.0,3.65,-2.28,-0.15,1.99
2025-03-03,605006,6.42,6.51,6.6,6.41,117210,76468424.0,2.95,1.24,0.08,1.95
2025-03-04,605006,6.52,6.64,6.69,6.47,124156,82242100.0,3.38,2.0,0.13,2.07
2025-03-05,605006,6.63,6.56,6.63,6.44,114538,74588206.0,2.86,-1.2,-0.08,1.91
2025-03-06,605006,6.56,6.59,6.61,6.49,108575,71355089.0,1.83,0.46,0.03,1.81
2025-03-07,605006,6.62,6.52,6.69,6.46,130283,85624435.0,3.49,-1.06,-0.07,2.17
2025-03-10,605006,6.49,6.51,6.54,6.46,83195,54088904.0,1.23,-0.15,-0.01,1.39
2025-03-11,605006,6.46,6.54,6.54,6.4,77208,49982566.0,2.15,0.46,0.03,1.29
2025-03-12,605006,6.54,6.51,6.57,6.48,69175,45084437.0,1.38,-0.46,-0.03,1.15
2025-03-13,605006,6.49,6.36,6.5,6.25,115264,73205649.0,3.84,-2.3,-0.15,1.92
2025-03-14,605006,6.34,6.5,6.5,6.31,101468,65272240.0,2.99,2.2,0.14,1.69
2025-03-17,605006,6.5,6.57,6.66,6.5,108767,71673222.0,2.46,1.08,0.07,1.81
2025-03-18,605006,6.58,6.6,6.62,6.52,83009,54540768.0,1.52,0.46,0.03,1.38
2025-03-19,605006,6.58,6.6,6.62,6.52,77480,50928608.0,1.52,0.0,0.0,1.29
2025-03-20,605006,6.6,6.66,6.69,6.58,143500,95325251.0,1.67,0.91,0.06,2.39
2025-03-21,605006,6.67,6.62,6.77,6.59,146507,97760327.0,2.7,-0.6,-0.04,2.44
2025-03-24,605006,6.59,6.31,6.59,6.17,164636,104729605.0,6.34,-4.68,-0.31,2.74
2025-03-25,605006,6.28,6.32,6.35,6.15,96881,60485917.0,3.17,0.16,0.01,1.61
2025-03-26,605006,6.27,6.49,6.54,6.26,118825,77004564.0,4.43,2.69,0.17,1.98
2025-03-27,605006,6.49,6.56,6.68,6.37,125245,82048965.0,4.78,1.08,0.07,2.09
2025-03-28,605006,6.56,6.23,6.6,6.22,124470,78664937.0,5.79,-5.03,-0.33,2.07
2025-03-31,605006,6.25,6.13,6.27,6.02,94215,57625925.0,4.01,-1.61,-0.1,1.57
2025-04-01,605006,6.12,6.17,6.29,6.11,72782,45214749.0,2.94,0.65,0.04,1.21
2025-04-02,605006,6.16,6.18,6.24,6.13,38411,23736166.0,1.78,0.16,0.01,0.64
2025-04-03,605006,6.13,6.22,6.23,6.11,52901,32659404.0,1.94,0.65,0.04,0.88
2025-04-07,605006,5.94,5.6,5.94,5.6,56759,32161227.0,5.47,-9.97,-0.62,0.95
2025-04-08,605006,5.36,5.3,5.49,5.15,142734,75626532.0,6.07,-5.36,-0.3,2.38
2025-04-09,605006,5.2,5.45,5.5,4.88,122122,63710607.0,11.7,2.83,0.15,2.04
2025-04-10,605006,5.56,5.64,5.71,5.53,99174,55859412.0,3.3,3.49,0.19,1.65
2025-04-11,605006,5.64,5.7,5.83,5.6,80672,46257705.0,4.08,1.06,0.06,1.34
2025-04-14,605006,5.8,5.87,5.93,5.74,86915,50789044.0,3.33,2.98,0.17,1.45
2025-04-15,605006,6.1,5.77,6.15,5.76,132123,77188969.0,6.64,-1.7,-0.1,2.2
2025-04-16,605006,5.83,5.8,5.83,5.63,94532,54325345.0,3.47,0.52,0.03,1.58
2025-04-17,605006,5.79,5.91,5.96,5.76,77632,45810195.0,3.45,1.9,0.11,1.29
2025-04-18,605006,5.96,6.02,6.05,5.9,77439,46230479.0,2.54,1.86,0.11,1.29
2025-04-21,605006,6.02,6.09,6.28,5.93,141354,86516063.0,5.81,1.16,0.07,2.36
2025-04-22,605006,6.03,6.12,6.15,5.96,110109,67095145.0,3.12,0.49,0.03,1.84
2025-04-23,605006,6.13,6.22,6.24,6.11,88522,54783092.0,2.12,1.63,0.1,1.48
2025-04-24,605006,6.19,6.11,6.28,6.06,70177,43101941.0,3.54,-1.77,-0.11,1.17
2025-04-25,605006,6.09,6.05,6.14,6.05,50443,30681667.0,1.47,-0.98,-0.06,0.84
2025-04-28,605006,6.02,5.97,6.09,5.93,52362,31334559.0,2.64,-1.32,-0.08,0.87
2025-04-29,605006,5.91,6.06,6.09,5.91,46477,28110717.0,3.02,1.51,0.09,0.77
2025-04-30,605006,6.04,6.02,6.16,6.01,54255,32937305.0,2.48,-0.66,-0.04,0.9
2025-05-06,605006,6.05,6.26,6.29,6.04,84569,52161528.0,4.15,3.99,0.24,1.41
2025-05-07,605006,6.28,6.2,6.31,6.11,85624,53083160.0,3.19,-0.96,-0.06,1.43
2025-05-08,605006,6.16,6.26,6.28,6.16,58906,36763871.0,1.94,0.97,0.06,0.98
2025-05-09,605006,6.26,6.19,6.31,6.19,53081,33066987.0,1.92,-1.12,-0.07,0.88
2025-05-12,605006,6.2,6.16,6.26,6.13,46149,28460812.0,2.1,-0.48,-0.03,0.77
2025-05-13,605006,6.22,6.14,6.25,6.12,56324,34789895.0,2.11,-0.32,-0.02,0.94
2025-05-14,605006,6.16,6.18,6.21,6.1,54079,33331510.0,1.79,0.65,0.04,0.9
2025-05-15,605006,6.18,6.13,6.2,6.09,44041,26984919.0,1.78,-0.81,-0.05,0.73
2025-05-16,605006,6.14,6.17,6.2,6.1,50289,31025264.0,1.63,0.65,0.04,0.84
2025-05-19,605006,6.2,6.3,6.3,6.16,65865,41190882.0,2.27,2.11,0.13,1.1
2025-05-20,605006,6.3,6.34,6.34,6.24,49671,31279083.0,1.59,0.63,0.04,0.83
2025-05-21,605006,6.33,6.27,6.33,6.24,43720,27457922.0,1.42,-1.1,-0.07,0.73
2025-05-22,605006,6.35,6.14,6.36,6.12,74329,46251008.0,3.83,-2.07,-0.13,1.24
2025-05-23,605006,6.13,6.06,6.27,6.06,68647,42215464.0,3.42,-1.3,-0.08,1.14
2025-05-26,605006,6.11,6.16,6.18,6.06,47655,29265080.0,1.98,1.65,0.1,0.79
2025-05-27,605006,6.17,6.21,6.23,6.09,43032,26496428.0,2.27,0.81,0.05,0.72
2025-05-28,605006,6.21,6.12,6.25,6.09,41493,25524009.0,2.58,-1.45,-0.09,0.69
2025-05-29,605006,6.11,6.22,6.22,6.1,46651,28853054.0,1.96,1.63,0.1,0.78
2025-05-30,605006,6.2,6.1,6.24,6.08,47544,29126646.0,2.57,-1.93,-0.12,0.79
2025-06-03,605006,6.08,6.71,6.71,6.06,302629,198568463.0,10.66,10.0,0.61,5.04
2025-06-04,605006,7.05,7.38,7.38,6.98,452784,329587128.0,5.96,9.99,0.67,7.55
2025-06-05,605006,7.77,7.02,7.98,6.95,929474,679665752.0,13.96,-4.88,-0.36,15.49
2025-06-06,605006,7.15,7.22,7.56,7.14,708096,514594404.0,5.98,2.85,0.2,11.8
2025-06-09,605006,7.08,7.23,7.36,6.99,541400,387112405.0,5.12,0.14,0.01,9.02
2025-06-10,605006,7.28,6.9,7.28,6.86,399727,279036153.0,5.81,-4.56,-0.33,6.66
2025-06-11,605006,6.93,6.8,6.97,6.78,243809,166530288.0,2.75,-1.45,-0.1,4.06
2025-06-12,605006,6.8,6.86,6.88,6.72,209726,142784401.0,2.35,0.88,0.06,3.5
2025-06-13,605006,6.84,6.57,6.84,6.55,226856,150236372.0,4.23,-4.23,-0.29,3.78
2025-06-16,605006,6.5,6.69,6.73,6.5,152306,101385111.0,3.5,1.83,0.12,2.54
2025-06-17,605006,6.75,6.64,6.76,6.61,117197,77994422.0,2.24,-0.75,-0.05,1.95
2025-06-18,605006,6.63,6.52,6.65,6.47,109789,71691899.0,2.71,-1.81,-0.12,1.83
2025-06-19,605006,6.54,6.43,6.62,6.4,111022,72238756.0,3.37,-1.38,-0.09,1.85
2025-06-20,605006,6.39,6.46,6.55,6.35,113521,73244681.0,3.11,0.47,0.03,1.89
2025-06-23,605006,6.37,6.59,6.63,6.3,133274,87331302.0,5.11,2.01,0.13,2.22
2025-06-24,605006,6.56,6.74,6.79,6.56,199613,133544427.0,3.49,2.28,0.15,3.33
2025-06-25,605006,6.7,6.73,6.78,6.63,181950,122091413.0,2.23,-0.15,-0.01,3.03
2025-06-26,605006,6.74,6.68,6.83,6.68,143447,96710479.0,2.23,-0.74,-0.05,2.39
2025-06-27,605006,6.71,6.7,6.77,6.68,111241,74808581.0,1.35,0.3,0.02,1.85
2025-06-30,605006,6.75,6.72,6.75,6.66,113347,75940241.0,1.34,0.3,0.02,1.89
2025-07-01,605006,6.69,7.39,7.39,6.68,488961,346069091.0,10.57,9.97,0.67,8.15
2025-07-02,605006,7.6,7.56,7.98,7.42,905820,694189495.0,7.58,2.3,0.17,15.1
2025-07-03,605006,7.54,7.78,7.96,7.26,701532,529504491.0,9.26,2.91,0.22,11.69
2025-07-04,605006,7.63,7.92,8.44,7.63,795457,639004151.0,10.41,1.8,0.14,13.26
2025-07-07,605006,7.66,7.81,8.29,7.66,518622,411581636.0,7.95,-1.39,-0.11,8.64
2025-07-08,605006,7.82,8.59,8.59,7.67,395943,325423144.0,11.78,9.99,0.78,6.6
2025-07-09,605006,9.44,8.68,9.45,8.49,1063698,944072293.0,11.18,1.05,0.09,17.73
2025-07-10,605006,8.52,9.55,9.55,8.45,668571,609991596.0,12.67,10.02,0.87,11.14
2025-07-11,605006,9.37,8.6,9.37,8.6,831861,740692475.0,8.06,-9.95,-0.95,13.86
2025-07-14,605006,8.1,7.91,8.32,7.82,571576,458364649.0,5.81,-8.02,-0.69,9.53
2025-07-15,605006,7.88,7.71,8.01,7.65,379565,295232585.0,4.55,-2.53,-0.2,6.33
2025-07-16,605006,7.71,7.75,7.82,7.59,237577,183650404.0,2.98,0.52,0.04,3.96
2025-07-17,605006,7.72,7.84,7.93,7.64,294553,229616174.0,3.74,1.16,0.09,4.91
2025-07-18,605006,7.79,7.87,8.08,7.74,286303,226072486.0,4.34,0.38,0.03,4.77
2025-07-21,605006,7.8,7.94,7.97,7.73,277654,218167808.0,3.05,0.89,0.07,4.63
2025-07-22,605006,7.9,7.74,7.99,7.66,299647,232959168.0,4.16,-2.52,-0.2,4.99
2025-07-23,605006,7.71,7.53,7.74,7.53,267273,203712061.0,2.71,-2.71,-0.21,4.45
2025-07-24,605006,7.5,7.7,7.7,7.48,182770,139245015.0,2.92,2.26,0.17,3.05
2025-07-25,605006,7.66,7.61,7.72,7.59,138824,106184575.0,1.69,-1.17,-0.09,2.31
2025-07-28,605006,7.57,7.62,7.65,7.52,128692,97683262.0,1.71,0.13,0.01,2.14
2025-07-29,605006,7.62,7.58,7.73,7.48,167827,127029291.0,3.28,-0.52,-0.04,2.8
2025-07-30,605006,7.59,7.48,7.64,7.43,142606,107171236.0,2.77,-1.32,-0.1,2.38
2025-07-31,605006,7.48,7.39,7.55,7.36,110560,82095701.0,2.54,-1.2,-0.09,1.84
2025-08-01,605006,7.37,7.37,7.42,7.33,76707,56641135.0,1.22,-0.27,-0.02,1.28
2025-08-04,605006,7.33,7.44,7.45,7.21,89284,65980475.0,3.26,0.95,0.07,1.49
2025-08-05,605006,7.46,7.43,7.5,7.39,78006,57906537.0,1.48,-0.13,-0.01,1.3
2025-08-06,605006,7.43,7.42,7.44,7.34,79252,58657953.0,1.35,-0.13,-0.01,1.32
2025-08-07,605006,7.42,7.35,7.44,7.33,97843,72099121.0,1.48,-0.94,-0.07,1.63
2025-08-08,605006,7.37,7.4,7.42,7.32,76594,56497158.0,1.36,0.68,0.05,1.28
2025-08-11,605006,7.4,7.57,7.57,7.4,131969,99172679.0,2.3,2.3,0.17,2.2
2025-08-12,605006,7.6,7.47,7.61,7.42,111301,83155085.0,2.51,-1.32,-0.1,1.85
2025-08-13,605006,7.46,7.48,7.5,7.42,86086,64186213.0,1.07,0.13,0.01,1.43
2025-08-14,605006,7.55,8.23,8.23,7.55,253876,205350413.0,9.09,10.03,0.75,4.23
2025-08-15,605006,8.38,8.56,9.0,8.32,947953,818735085.0,8.26,4.01,0.33,15.8
2025-08-18,605006,8.47,8.95,8.95,8.21,700606,601858930.0,8.64,4.56,0.39,11.68
2025-08-19,605006,8.66,8.53,8.76,8.5,457129,391971899.0,2.91,-4.69,-0.42,7.62
2025-08-20,605006,8.51,8.44,8.62,8.32,303123,255820380.0,3.52,-1.06,-0.09,5.05
2025-08-21,605006,8.41,8.34,8.54,8.27,257632,215337911.0,3.2,-1.18,-0.1,4.29
2025-08-22,605006,8.36,8.48,8.58,8.27,270617,229087163.0,3.72,1.68,0.14,4.51
2025-08-25,605006,8.43,8.44,8.52,8.3,226004,190178159.0,2.59,-0.47,-0.04,3.77
2025-08-26,605006,8.44,8.34,8.46,8.25,181953,151790687.0,2.49,-1.18,-0.1,3.03
2025-08-27,605006,8.28,7.99,8.37,7.98,239288,195607549.0,4.68,-4.2,-0.35,3.99
2025-08-28,605006,7.98,8.27,8.3,7.95,244408,199486648.0,4.38,3.5,0.28,4.07
2025-08-29,605006,8.5,8.41,8.85,8.35,360429,308767425.0,6.05,1.69,0.14,6.01
2025-09-01,605006,8.25,8.17,8.25,8.06,222176,181111800.0,2.26,-2.85,-0.24,3.7
2025-09-02,605006,8.31,8.23,8.49,8.14,189443,156596554.0,4.28,0.73,0.06,3.16
2025-09-03,605006,8.09,7.68,8.2,7.65,181862,142924871.0,6.68,-6.68,-0.55,3.03
2025-09-04,605006,7.68,7.6,7.81,7.46,135228,103601595.0,4.56,-1.04,-0.08,2.25
2025-09-05,605006,7.6,7.78,7.82,7.55,117835,90781931.0,3.55,2.37,0.18,1.96
2025-09-08,605006,8.38,8.56,8.56,8.38,133222,113901538.0,2.31,10.03,0.78,2.22
2025-09-09,605006,8.95,8.45,8.95,8.28,475840,404519508.0,7.83,-1.29,-0.11,7.93
2025-09-10,605006,8.46,8.6,8.87,8.12,446303,377178032.0,8.88,1.78,0.15,7.44
2025-09-11,605006,8.37,8.73,8.83,8.35,471180,409118881.0,5.58,1.51,0.13,7.85
2025-09-12,605006,8.6,8.41,8.63,8.34,294732,248375461.0,3.32,-3.67,-0.32,4.91
2025-09-15,605006,8.35,8.27,8.45,8.16,202837,168049878.0,3.45,-1.66,-0.14,3.38
2025-09-16,605006,8.24,8.29,8.31,8.11,162539,133517127.0,2.42,0.24,0.02,2.71
2025-09-17,605006,8.27,8.15,8.29,8.13,125549,102561038.0,1.93,-1.69,-0.14,2.09
2025-09-18,605006,8.12,8.23,8.3,7.97,215732,175845820.0,4.05,0.98,0.08,3.6
2025-09-19,605006,8.25,8.23,8.5,8.11,209579,173680950.0,4.74,0.0,0.0,3.49
2025-09-22,605006,8.09,7.91,8.1,7.8,153647,121885192.0,3.65,-3.89,-0.32,2.56
2025-09-23,605006,7.91,7.79,7.98,7.57,123155,95274982.0,5.18,-1.52,-0.12,2.05
2025-09-24,605006,7.77,8.07,8.07,7.69,126826,100079779.0,4.88,3.59,0.28,2.11
2025-09-25,605006,8.07,7.92,8.09,7.85,97636,77482247.0,2.97,-1.86,-0.15,1.63
2025-09-26,605006,7.84,7.84,8.02,7.77,83218,65588805.0,3.16,-1.01,-0.08,1.39
2025-09-29,605006,7.83,7.8,7.88,7.62,81859,63685338.0,3.32,-0.51,-0.04,1.36
2025-09-30,605006,7.76,7.75,7.85,7.74,65739,51081330.0,1.41,-0.64,-0.05,1.1
2025-10-09,605006,7.78,7.79,7.82,7.68,74112,57425720.0,1.81,0.52,0.04,1.24
2025-10-10,605006,7.77,7.84,7.89,7.74,78500,61567367.0,1.93,0.64,0.05,1.31
2025-10-13,605006,7.6,7.7,7.7,7.41,81991,62272241.0,3.7,-1.79,-0.14,1.37
2025-10-14,605006,7.7,7.71,7.89,7.65,91595,71023530.0,3.12,0.13,0.01,1.53
2025-10-15,605006,7.78,7.84,7.95,7.74,76752,60034899.0,2.72,1.69,0.13,1.28
2025-10-16,605006,7.77,7.62,7.82,7.61,71706,54975514.0,2.68,-2.81,-0.22,1.2
2025-10-17,605006,7.6,7.41,7.63,7.4,63015,47329838.0,3.02,-2.76,-0.21,1.05
2025-10-20,605006,7.45,7.45,7.52,7.41,39191,29185561.0,1.48,0.54,0.04,0.65
2025-10-21,605006,7.45,7.58,7.58,7.43,59971,45168435.0,2.01,1.74,0.13,1.0
2025-10-22,605006,7.57,7.65,7.73,7.48,59557,45496756.0,3.3,0.92,0.07,0.99
2025-10-23,605006,7.64,7.69,7.7,7.52,51826,39347434.0,2.35,0.52,0.04,0.86
2025-10-24,605006,7.71,7.71,7.74,7.66,46537,35798502.0,1.04,0.26,0.02,0.78
2025-10-27,605006,7.71,7.74,7.82,7.7,64155,49767701.0,1.56,0.39,0.03,1.07
2025-10-28,605006,7.69,7.89,8.06,7.69,137078,108471234.0,4.78,1.94,0.15,2.28
2025-10-29,605006,7.86,7.97,8.11,7.86,131622,105111083.0,3.17,1.01,0.08,2.19
2025-10-30,605006,7.97,7.68,7.97,7.67,106984,82952273.0,3.76,-3.64,-0.29,1.78
2025-10-31,605006,7.69,7.88,8.3,7.69,191348,153361753.0,7.94,2.6,0.2,3.19
2025-11-03,605006,7.69,7.74,7.81,7.67,110124,84993125.0,1.78,-1.78,-0.14,1.84
2025-11-04,605006,7.74,7.66,7.76,7.62,69719,53536229.0,1.81,-1.03,-0.08,1.16
2025-11-05,605006,7.6,7.7,7.71,7.59,50097,38479504.0,1.57,0.52,0.04,0.83
2025-11-06,605006,7.7,7.66,7.73,7.63,56732,43438118.0,1.3,-0.52,-0.04,0.95
2025-11-07,605006,7.65,7.64,7.69,7.63,42210,32308893.0,0.78,-0.26,-0.02,0.7
2025-11-10,605006,7.67,7.72,7.72,7.64,53313,40963165.0,1.05,1.05,0.08,0.89
2025-11-11,605006,7.79,7.83,7.83,7.69,79659,61894755.0,1.81,1.42,0.11,1.33
2025-11-12,605006,7.83,7.71,7.83,7.65,63589,49100379.0,2.3,-1.53,-0.12,1.06
2025-11-13,605006,7.67,7.87,7.88,7.67,104554,81921287.0,2.72,2.08,0.16,1.74
2025-11-14,605006,7.84,7.85,7.92,7.8,70259,55346598.0,1.52,-0.25,-0.02,1.17
2025-11-17,605006,7.85,7.86,7.88,7.74,61797,48202293.0,1.78,0.13,0.01,1.03
2025-11-18,605006,7.82,7.61,7.84,7.57,82702,63245565.0,3.44,-3.18,-0.25,1.38
2025-11-19,605006,7.6,7.39,7.6,7.33,83279,61809050.0,3.55,-2.89,-0.22,1.39
2025-11-20,605006,7.44,7.41,7.51,7.32,66245,49214033.0,2.57,0.27,0.02,1.1
2025-11-21,605006,7.35,7.12,7.43,7.08,76510,55180784.0,4.72,-3.91,-0.29,1.28
2025-11-24,605006,7.2,7.24,7.28,7.12,43817,31637548.0,2.25,1.69,0.12,0.73
2025-11-25,605006,7.24,7.4,7.5,7.24,62175,46068800.0,3.59,2.21,0.16,1.04
2025-11-26,605006,7.45,7.27,7.49,7.25,40463,29718245.0,3.24,-1.76,-0.13,0.67
2025-11-27,605006,7.31,7.29,7.35,7.21,37164,27132252.0,1.93,0.28,0.02,0.62
2025-11-28,605006,7.3,7.37,7.38,7.27,27870,20453658.0,1.51,1.1,0.08,0.46
2025-12-01,605006,7.38,7.39,7.43,7.36,36171,26769433.0,0.95,0.27,0.02,0.6
2025-12-02,605006,7.38,7.31,7.39,7.25,33190,24250248.0,1.89,-1.08,-0.08,0.55
2025-12-03,605006,7.3,7.26,7.31,7.21,32183,23353580.0,1.37,-0.68,-0.05,0.54
2025-12-04,605006,7.22,7.19,7.26,7.11,39007,28026280.0,2.07,-0.96,-0.07,0.65
2025-12-05,605006,7.21,7.35,7.38,7.18,48182,35230570.0,2.78,2.23,0.16,0.8
2025-12-08,605006,7.4,7.5,7.56,7.4,64382,48232809.0,2.18,2.04,0.15,1.07
2025-12-09,605006,7.45,7.44,7.52,7.41,40602,30291750.0,1.47,-0.8,-0.06,0.68
2025-12-10,605006,7.43,7.32,7.46,7.3,39935,29401312.0,2.15,-1.61,-0.12,0.67
2025-12-11,605006,7.35,7.24,7.45,7.24,38251,27950729.0,2.87,-1.09,-0.08,0.64
2025-12-12,605006,7.22,7.13,7.33,7.12,53537,38572364.0,2.9,-1.52,-0.11,0.89
2025-12-15,605006,7.1,7.2,7.27,7.1,41286,29757663.0,2.38,0.98,0.07,0.69
2025-12-16,605006,7.17,6.95,7.24,6.95,56718,39887025.0,4.03,-3.47,-0.25,0.95
2025-12-17,605006,6.95,7.07,7.25,6.83,103872,72696325.0,6.04,1.73,0.12,1.73
2025-12-18,605006,6.97,6.97,7.08,6.93,66628,46750163.0,2.12,-1.41,-0.1,1.11
2025-12-19,605006,6.97,7.09,7.11,6.96,57640,40791076.0,2.15,1.72,0.12,0.96
2025-12-22,605006,7.15,7.15,7.18,7.1,39638,28325081.0,1.13,0.85,0.06,0.66
2025-12-23,605006,7.12,7.25,7.48,7.09,132998,97158832.0,5.45,1.4,0.1,2.22
2025-12-24,605006,7.22,7.52,7.65,7.22,153784,114814341.0,5.93,3.72,0.27,2.56
2025-12-25,605006,7.51,7.42,7.52,7.4,90639,67434856.0,1.6,-1.33,-0.1,1.51
2025-12-26,605006,7.42,7.43,7.5,7.39,67434,50257428.0,1.48,0.13,0.01,1.12
2025-12-29,605006,7.46,7.48,7.53,7.32,65256,48484051.0,2.83,0.67,0.05,1.09
2025-12-30,605006,7.47,7.38,7.47,7.32,58882,43496976.0,2.01,-1.34,-0.1,0.98
2025-12-31,605006,7.39,7.3,7.41,7.26,45402,33156333.0,2.03,-1.08,-0.08,0.76
2026-01-05,605006,7.34,7.33,7.39,7.26,47793,35004673.0,1.78,0.41,0.03,0.8
2026-01-06,605006,7.32,7.31,7.36,7.25,61414,44883682.0,1.5,-0.27,-0.02,1.02
2026-01-07,605006,7.3,7.24,7.31,7.22,51208,37171701.0,1.23,-0.96,-0.07,0.85
2026-01-08,605006,7.24,7.33,7.35,7.22,58997,43037181.0,1.8,1.24,0.09,0.98
2026-01-09,605006,7.3,7.28,7.34,7.2,84733,61509246.0,1.91,-0.68,-0.05,1.41
2026-01-12,605006,7.28,7.27,7.28,7.15,103844,74984302.0,1.79,-0.14,-0.01,1.73
2026-01-13,605006,7.33,7.32,7.34,7.22,49304,35959335.0,1.65,0.69,0.05,0.82
2026-01-14,605006,7.18,7.22,7.44,7.13,126166,91407500.0,4.32,0.7,0.05,2.1
2026-01-15,605006,7.34,7.45,7.63,7.32,217864,162165146.0,4.29,3.19,0.23,3.63
2026-01-16,605006,7.46,7.38,7.6,7.36,167753,125307233.0,3.22,-0.94,-0.07,2.8
2026-01-19,605006,7.34,7.58,7.63,7.25,184177,138624759.0,5.15,2.71,0.2,3.07
2026-01-20,605006,7.63,7.57,7.64,7.48,117967,89171764.0,2.11,-0.13,-0.01,1.97
2026-01-21,605006,7.55,7.79,7.82,7.52,224467,173044969.0,3.96,2.91,0.22,3.74
2026-01-22,605006,7.82,7.98,7.99,7.76,231478,183091211.0,2.95,2.44,0.19,3.86
2026-01-23,605006,7.97,7.93,8.01,7.84,178145,141312348.0,2.13,-0.63,-0.05,2.97
